      314	2000-01-04 19:45:54	1	0	1	0
      297	2000-01-04 19:46:12	1	0	1	0
      295	2000-01-04 19:46:19	1	0	1	0
      323	2000-01-04 19:46:30	1	0	1	0
      279	2000-01-04 19:46:35	1	0	1	0
      314	2000-01-04 19:47:34	1	0	1	0
      323	2000-01-04 19:47:39	1	0	1	0
      307	2000-01-04 19:50:45	1	0	1	0
      278	2000-01-04 19:51:18	1	0	1	0
      282	2000-01-04 19:53:37	1	0	1	0
      294	2000-01-04 20:00:13	1	0	1	0
      291	2000-01-04 20:00:17	1	0	1	0
      291	2000-01-04 20:00:19	1	0	1	0
      293	2000-01-04 20:00:42	1	0	1	0
      298	2000-01-04 20:00:53	1	0	1	0
      293	2000-01-04 20:00:57	1	0	1	0
      301	2000-01-04 20:01:49	1	0	1	0
      299	2000-01-04 20:13:21	1	0	1	0
      288	2000-01-04 20:13:25	1	0	1	0
      321	2000-01-04 20:30:01	1	0	1	0
      282	2000-01-05 19:54:57	1	0	1	0
      280	2000-01-05 19:55:01	1	0	1	0
      278	2000-01-05 19:55:05	1	0	1	0
      301	2000-01-05 20:01:09	1	0	1	0
      226	2000-01-05 20:07:33	1	0	1	0
      277	2000-01-05 20:09:00	1	0	1	0
      303	2000-01-05 20:09:04	1	0	1	0
      321	2000-01-05 20:15:00	1	0	1	0
      283	2000-01-05 23:10:25	1	0	1	0
      294	2000-01-05 23:10:31	1	0	1	0
      323	2000-01-06 19:47:20	1	0	1	0
      282	2000-01-06 20:02:30	1	0	1	0
      301	2000-01-06 20:07:10	1	0	1	0
      321	2000-01-06 20:16:44	1	0	1	0
      278	2000-01-06 20:36:37	1	0	1	0
      297	2000-01-07 19:46:58	1	0	1	0
      295	2000-01-07 19:47:02	1	0	1	0
      280	2000-01-07 19:52:24	1	0	1	0
      279	2000-01-07 19:52:38	1	0	1	0
      293	2000-01-07 19:55:31	1	0	1	0
      307	2000-01-07 19:55:34	1	0	1	0
      298	2000-01-07 19:55:43	1	0	1	0
      278	2000-01-07 19:55:49	1	0	1	0
      291	2000-01-07 19:56:02	1	0	1	0
      282	2000-01-07 19:57:04	1	0	1	0
      294	2000-01-07 19:59:07	1	0	1	0
      283	2000-01-07 19:59:08	1	0	1	0
      323	2000-01-07 20:04:15	1	0	1	0
      288	2000-01-07 20:05:31	1	0	1	0
      299	2000-01-07 20:05:33	1	0	1	0
      300	2000-01-07 20:05:46	1	0	1	0
      311	2000-01-07 21:50:16	1	0	1	0
      325	2000-01-07 21:50:20	1	0	1	0
      308	2000-01-07 21:50:25	1	0	1	0
      252	2000-01-01 00:00:17	1	0	1	0
      253	2000-01-01 00:00:21	1	0	1	0
      168	2000-01-01 00:01:28	1	0	1	0
      222	2000-01-01 00:01:36	1	0	1	0
      175	2000-01-01 00:03:12	1	0	1	0
      191	2000-01-01 00:03:18	1	0	1	0
      184	2000-01-01 00:03:49	1	0	1	0
      254	2000-01-01 00:03:55	1	0	1	0
      183	2000-01-01 00:04:20	1	0	1	0
      273	2000-01-01 00:04:26	1	0	1	0
      259	2000-01-01 00:04:31	1	0	1	0
      258	2000-01-01 00:04:37	1	0	1	0
      188	2000-01-01 00:04:41	1	0	1	0
      224	2000-01-01 00:04:48	1	0	1	0
      190	2000-01-01 00:05:11	1	0	1	0
      265	2000-01-01 00:05:15	1	0	1	0
      266	2000-01-01 00:05:48	1	0	1	0
      255	2000-01-01 00:05:56	1	0	1	0
      272	2000-01-01 00:05:59	1	0	1	0
      261	2000-01-01 00:06:03	1	0	1	0
      274	2000-01-01 00:06:37	1	0	1	0
      260	2000-01-01 00:06:43	1	0	1	0
      181	2000-01-01 00:06:47	1	0	1	0
      186	2000-01-01 00:06:51	1	0	1	0
      221	2000-01-01 00:07:31	1	0	1	0
      220	2000-01-01 00:07:37	1	0	1	0
      233	2000-01-01 00:07:47	1	0	1	0
      182	2000-01-01 00:07:51	1	0	1	0
      182	2000-01-01 00:07:53	1	0	1	0
      223	2000-01-01 00:07:57	1	0	1	0
      251	2000-01-01 00:08:12	1	0	1	0
      227	2000-01-01 00:08:38	1	0	1	0
      268	2000-01-01 00:09:27	1	0	1	0
      250	2000-01-01 00:09:36	1	0	1	0
      230	2000-01-01 00:10:42	1	0	1	0
      263	2000-01-01 00:11:13	1	0	1	0
      171	2000-01-01 00:11:18	1	0	1	0
      228	2000-01-01 00:13:33	1	0	1	0
      270	2000-01-01 00:17:32	1	0	1	0
      278	2000-01-01 05:37:55	1	0	1	0
      291	2000-01-01 05:38:20	1	0	1	0
      291	2000-01-01 05:38:28	1	0	1	0
      308	2000-01-01 05:41:16	1	0	1	0
      307	2000-01-01 05:41:20	1	0	1	0
      226	2000-01-01 05:44:07	1	0	1	0
      280	2000-01-01 05:45:03	1	0	1	0
      324	2000-01-01 05:46:04	1	0	1	0
      311	2000-01-01 05:46:53	1	0	1	0
      282	2000-01-01 05:47:52	1	0	1	0
      283	2000-01-01 05:49:20	1	0	1	0
      285	2000-01-01 05:49:40	1	0	1	0
      330	2000-01-01 05:51:59	1	0	1	0
      330	2000-01-01 05:52:01	1	0	1	0
      301	2000-01-01 05:59:40	1	0	1	0
      302	2000-01-01 05:59:53	1	0	1	0
      300	2000-01-01 06:01:28	1	0	1	0
      320	2000-01-01 06:07:58	1	0	1	0
      321	2000-01-01 06:09:17	1	0	1	0
      299	2000-01-01 06:10:55	1	0	1	0
      288	2000-01-01 06:10:58	1	0	1	0
      325	2000-01-01 06:28:59	1	0	1	0
      327	2000-01-01 06:33:57	1	0	1	0
      327	2000-01-01 06:33:58	1	0	1	0
      275	2000-01-01 06:40:42	1	0	1	0
      297	2000-01-01 08:54:01	1	0	1	0
      279	2000-01-01 08:54:18	1	0	1	0
      186	2000-01-01 23:43:15	1	0	1	0
      170	2000-01-01 23:46:36	1	0	1	0
      255	2000-01-01 23:47:58	1	0	1	0
      267	2000-01-01 23:48:02	1	0	1	0
      256	2000-01-01 23:48:42	1	0	1	0
      174	2000-01-01 23:48:56	1	0	1	0
      170	2000-01-01 23:49:09	1	0	1	0
      186	2000-01-01 23:49:23	1	0	1	0
      170	2000-01-01 23:49:29	1	0	1	0
      274	2000-01-01 23:50:13	1	0	1	0
      261	2000-01-01 23:50:17	1	0	1	0
      273	2000-01-01 23:50:25	1	0	1	0
      248	2000-01-01 23:52:22	1	0	1	0
      249	2000-01-01 23:52:27	1	0	1	0
      180	2000-01-01 23:54:25	1	0	1	0
      173	2000-01-01 23:55:50	1	0	1	0
      260	2000-01-01 23:56:19	1	0	1	0
      202	2000-01-01 23:56:23	1	0	1	0
      195	2000-01-01 23:57:03	1	0	1	0
      187	2000-01-01 23:57:11	1	0	1	0
      223	2000-01-01 23:58:22	1	0	1	0
      165	2000-01-01 23:58:47	1	0	1	0
      177	2000-01-01 23:58:52	1	0	1	0
      188	2000-01-01 23:59:14	1	0	1	0
      237	2000-01-01 23:59:24	1	0	1	0
      263	2000-01-01 23:59:42	1	0	1	0
      170	2000-01-02 00:00:30	1	0	1	0
      232	2000-01-02 00:00:35	1	0	1	0
      183	2000-01-02 00:00:40	1	0	1	0
      224	2000-01-02 00:01:01	1	0	1	0
      181	2000-01-02 00:01:14	1	0	1	0
      181	2000-01-02 00:01:15	1	0	1	0
      253	2000-01-02 00:02:11	1	0	1	0
      252	2000-01-02 00:02:15	1	0	1	0
      168	2000-01-02 00:02:34	1	0	1	0
      222	2000-01-02 00:02:38	1	0	1	0
      251	2000-01-02 00:02:42	1	0	1	0
      178	2000-01-02 00:02:52	1	0	1	0
      169	2000-01-02 00:03:38	1	0	1	0
      169	2000-01-02 00:03:40	1	0	1	0
      221	2000-01-02 00:03:44	1	0	1	0
      221	2000-01-02 00:03:46	1	0	1	0
      247	2000-01-02 00:04:02	1	0	1	0
      190	2000-01-02 00:04:11	1	0	1	0
      171	2000-01-02 00:04:26	1	0	1	0
      266	2000-01-02 00:04:48	1	0	1	0
      191	2000-01-02 00:04:56	1	0	1	0
      192	2000-01-02 00:05:25	1	0	1	0
      192	2000-01-02 00:05:31	1	0	1	0
      233	2000-01-02 00:05:38	1	0	1	0
      258	2000-01-02 00:05:56	1	0	1	0
      182	2000-01-02 00:06:37	1	0	1	0
      268	2000-01-02 00:06:57	1	0	1	0
      201	2000-01-02 00:08:28	1	0	1	0
      228	2000-01-02 00:08:33	1	0	1	0
      194	2000-01-02 00:08:39	1	0	1	0
      250	2000-01-02 00:08:43	1	0	1	0
      259	2000-01-02 00:08:59	1	0	1	0
      175	2000-01-02 00:09:04	1	0	1	0
      254	2000-01-02 00:09:08	1	0	1	0
      265	2000-01-02 00:09:16	1	0	1	0
      227	2000-01-02 00:10:56	1	0	1	0
      262	2000-01-02 00:21:59	1	0	1	0
      166	2000-01-02 00:24:52	1	0	1	0
      220	2000-01-02 00:27:31	1	0	1	0
      260	2000-01-02 01:40:29	1	0	1	0
      260	2000-01-02 01:40:38	1	0	1	0
      308	2000-01-02 05:22:07	1	0	1	0
      285	2000-01-02 05:27:56	1	0	1	0
      311	2000-01-02 05:34:09	1	0	1	0
      279	2000-01-02 05:35:39	1	0	1	0
      295	2000-01-02 05:35:49	1	0	1	0
      325	2000-01-02 05:36:27	1	0	1	0
      324	2000-01-02 05:36:33	1	0	1	0
      330	2000-01-02 05:37:46	1	0	1	0
      282	2000-01-02 05:42:16	1	0	1	0
      280	2000-01-02 05:42:19	1	0	1	0
      323	2000-01-02 05:43:58	1	0	1	0
      226	2000-01-02 05:47:19	1	0	1	0
      278	2000-01-02 05:48:24	1	0	1	0
      294	2000-01-02 05:49:22	1	0	1	0
      283	2000-01-02 05:49:24	1	0	1	0
      299	2000-01-02 05:49:29	1	0	1	0
      299	2000-01-02 05:49:30	1	0	1	0
      291	2000-01-02 05:49:32	1	0	1	0
      288	2000-01-02 05:49:35	1	0	1	0
      291	2000-01-02 05:49:37	1	0	1	0
      311	2000-01-02 05:50:27	1	0	1	0
      330	2000-01-02 05:50:31	1	0	1	0
      325	2000-01-02 05:50:36	1	0	1	0
      298	2000-01-02 05:52:01	1	0	1	0
      293	2000-01-02 05:52:05	1	0	1	0
      277	2000-01-02 05:58:10	1	0	1	0
      303	2000-01-02 05:58:13	1	0	1	0
      320	2000-01-02 05:58:53	1	0	1	0
      326	2000-01-02 06:02:54	1	0	1	0
      328	2000-01-02 06:03:45	1	0	1	0
      306	2000-01-02 06:07:56	1	0	1	0
      290	2000-01-02 06:09:04	1	0	1	0
      305	2000-01-02 06:09:35	1	0	1	0
      317	2000-01-02 06:09:42	1	0	1	0
      327	2000-01-02 06:12:28	1	0	1	0
      321	2000-01-02 06:13:33	1	0	1	0
      287	2000-01-02 06:18:21	1	0	1	0
      275	2000-01-02 06:19:02	1	0	1	0
      302	2000-01-02 06:20:31	1	0	1	0
      232	2000-01-02 23:43:09	1	0	1	0
      237	2000-01-02 23:45:01	1	0	1	0
      174	2000-01-02 23:45:48	1	0	1	0
      256	2000-01-02 23:45:58	1	0	1	0
      170	2000-01-02 23:46:03	1	0	1	0
      186	2000-01-02 23:46:14	1	0	1	0
      272	2000-01-02 23:49:26	1	0	1	0
      255	2000-01-02 23:50:37	1	0	1	0
      177	2000-01-02 23:51:02	1	0	1	0
      187	2000-01-02 23:52:16	1	0	1	0
      195	2000-01-02 23:53:24	1	0	1	0
      261	2000-01-02 23:53:38	1	0	1	0
      261	2000-01-02 23:53:39	1	0	1	0
      273	2000-01-02 23:53:42	1	0	1	0
      267	2000-01-02 23:53:48	1	0	1	0
      253	2000-01-02 23:55:11	1	0	1	0
      252	2000-01-02 23:55:15	1	0	1	0
      262	2000-01-02 23:55:51	1	0	1	0
      230	2000-01-02 23:56:22	1	0	1	0
      260	2000-01-02 23:56:41	1	0	1	0
      249	2000-01-02 23:56:48	1	0	1	0
      173	2000-01-02 23:57:44	1	0	1	0
      227	2000-01-02 23:57:58	1	0	1	0
      178	2000-01-02 23:58:42	1	0	1	0
      183	2000-01-02 23:59:45	1	0	1	0
      200	2000-01-02 23:59:53	1	0	1	0
      180	2000-01-03 00:01:50	1	0	1	0
      177	2000-01-03 00:01:55	1	0	1	0
      170	2000-01-03 00:01:58	1	0	1	0
      175	2000-01-03 00:02:15	1	0	1	0
      168	2000-01-03 00:02:28	1	0	1	0
      222	2000-01-03 00:02:32	1	0	1	0
      188	2000-01-03 00:02:37	1	0	1	0
      220	2000-01-03 00:03:29	1	0	1	0
      165	2000-01-03 00:03:46	1	0	1	0
      182	2000-01-03 00:03:51	1	0	1	0
      191	2000-01-03 00:04:14	1	0	1	0
      191	2000-01-03 00:04:15	1	0	1	0
      198	2000-01-03 00:04:22	1	0	1	0
      258	2000-01-03 00:04:49	1	0	1	0
      181	2000-01-03 00:05:24	1	0	1	0
      169	2000-01-03 00:05:30	1	0	1	0
      199	2000-01-03 00:05:44	1	0	1	0
      224	2000-01-03 00:06:16	1	0	1	0
      247	2000-01-03 00:06:21	1	0	1	0
      233	2000-01-03 00:06:25	1	0	1	0
      259	2000-01-03 00:06:29	1	0	1	0
      257	2000-01-03 00:06:34	1	0	1	0
      268	2000-01-03 00:06:38	1	0	1	0
      223	2000-01-03 00:07:43	1	0	1	0
      201	2000-01-03 00:08:11	1	0	1	0
      270	2000-01-03 00:08:42	1	0	1	0
      192	2000-01-03 00:08:57	1	0	1	0
      190	2000-01-03 00:09:19	1	0	1	0
      172	2000-01-03 00:09:37	1	0	1	0
      251	2000-01-03 00:11:10	1	0	1	0
      171	2000-01-03 00:11:13	1	0	1	0
      194	2000-01-03 00:11:28	1	0	1	0
      221	2000-01-03 00:11:47	1	0	1	0
      265	2000-01-03 00:12:35	1	0	1	0
      263	2000-01-03 00:14:06	1	0	1	0
      193	2000-01-03 00:15:16	1	0	1	0
      228	2000-01-03 00:17:46	1	0	1	0
      176	2000-01-03 00:33:57	1	0	1	0
      176	2000-01-03 00:33:58	1	0	1	0
      176	2000-01-03 00:34:00	1	0	1	0
      297	2000-01-03 05:30:42	1	0	1	0
      279	2000-01-03 05:31:09	1	0	1	0
      311	2000-01-03 05:31:19	1	0	1	0
      325	2000-01-03 05:36:35	1	0	1	0
      280	2000-01-03 05:40:14	1	0	1	0
      323	2000-01-03 05:41:00	1	0	1	0
      226	2000-01-03 05:41:56	1	0	1	0
      278	2000-01-03 05:42:43	1	0	1	0
      307	2000-01-03 05:43:13	1	0	1	0
      308	2000-01-03 05:43:17	1	0	1	0
      282	2000-01-03 05:43:25	1	0	1	0
      293	2000-01-03 05:43:27	1	0	1	0
      298	2000-01-03 05:43:31	1	0	1	0
      300	2000-01-03 05:43:52	1	0	1	0
      275	2000-01-03 05:43:59	1	0	1	0
      275	2000-01-03 05:44:00	1	0	1	0
      330	2000-01-03 05:45:18	1	0	1	0
      323	2000-01-03 05:46:50	1	0	1	0
      324	2000-01-03 05:47:14	1	0	1	0
      283	2000-01-03 05:48:57	1	0	1	0
      291	2000-01-03 05:49:02	1	0	1	0
      294	2000-01-03 05:49:06	1	0	1	0
      287	2000-01-03 05:51:10	1	0	1	0
      316	2000-01-03 05:54:07	1	0	1	0
      319	2000-01-03 05:57:58	1	0	1	0
      328	2000-01-03 05:58:25	1	0	1	0
      328	2000-01-03 05:58:26	1	0	1	0
      320	2000-01-03 05:58:46	1	0	1	0
      277	2000-01-03 06:01:03	1	0	1	0
      303	2000-01-03 06:01:07	1	0	1	0
      286	2000-01-03 06:02:29	1	0	1	0
      306	2000-01-03 06:03:35	1	0	1	0
      305	2000-01-03 06:11:49	1	0	1	0
      290	2000-01-03 06:27:10	1	0	1	0
      327	2000-01-03 06:28:19	1	0	1	0
      327	2000-01-03 06:28:20	1	0	1	0
      186	2025-08-28 07:08:08	1	0	1	0
      255	2025-08-28 07:12:14	1	0	1	0
      178	2025-08-28 07:14:14	1	0	1	0
      170	2025-08-28 07:14:17	1	0	1	0
      260	2025-08-28 07:15:02	1	0	1	0
      180	2025-08-28 07:15:32	1	0	1	0
      274	2025-08-28 07:16:46	1	0	1	0
      177	2025-08-28 07:17:44	1	0	1	0
      187	2025-08-28 07:18:10	1	0	1	0
      253	2025-08-28 07:18:14	1	0	1	0
      252	2025-08-28 07:18:18	1	0	1	0
      165	2025-08-28 07:18:22	1	0	1	0
      273	2025-08-28 07:18:36	1	0	1	0
      267	2025-08-28 07:19:01	1	0	1	0
      223	2025-08-28 07:19:27	1	0	1	0
      202	2025-08-28 07:20:56	1	0	1	0
      257	2025-08-28 07:21:03	1	0	1	0
      169	2025-08-28 07:21:10	1	0	1	0
      173	2025-08-28 07:21:20	1	0	1	0
      227	2025-08-28 07:21:59	1	0	1	0
      168	2025-08-28 07:23:11	1	0	1	0
      222	2025-08-28 07:23:16	1	0	1	0
      183	2025-08-28 07:23:20	1	0	1	0
      188	2025-08-28 07:24:29	1	0	1	0
      231	2025-08-28 07:24:37	1	0	1	0
      175	2025-08-28 07:25:22	1	0	1	0
      272	2025-08-28 07:25:32	1	0	1	0
      195	2025-08-28 07:26:10	1	0	1	0
      199	2025-08-28 07:26:51	1	0	1	0
      258	2025-08-28 07:26:57	1	0	1	0
      202	2025-08-28 07:27:43	1	0	1	0
      182	2025-08-28 07:28:23	1	0	1	0
      224	2025-08-28 07:28:26	1	0	1	0
      261	2025-08-28 07:28:57	1	0	1	0
      237	2025-08-28 07:29:29	1	0	1	0
      233	2025-08-28 07:29:53	1	0	1	0
      265	2025-08-28 07:31:26	1	0	1	0
      270	2025-08-28 07:31:41	1	0	1	0
      251	2025-08-28 07:31:51	1	0	1	0
      268	2025-08-28 07:31:59	1	0	1	0
      247	2025-08-28 07:32:03	1	0	1	0
      191	2025-08-28 07:32:06	1	0	1	0
      191	2025-08-28 07:32:07	1	0	1	0
      171	2025-08-28 07:32:09	1	0	1	0
      220	2025-08-28 07:32:12	1	0	1	0
      201	2025-08-28 07:32:30	1	0	1	0
      201	2025-08-28 07:32:31	1	0	1	0
      221	2025-08-28 07:32:55	1	0	1	0
      232	2025-08-28 07:33:25	1	0	1	0
      181	2025-08-28 07:34:16	1	0	1	0
      189	2025-08-28 07:35:05	1	0	1	0
      194	2025-08-28 07:35:17	1	0	1	0
      250	2025-08-28 07:35:21	1	0	1	0
      197	2025-08-28 07:37:21	1	0	1	0
      190	2025-08-28 07:37:47	1	0	1	0
      192	2025-08-28 07:38:04	1	0	1	0
      193	2025-08-28 07:39:26	1	0	1	0
      228	2025-08-28 07:40:06	1	0	1	0
      195	2025-08-28 09:53:18	1	0	1	0
      195	2025-08-28 09:57:18	1	0	1	0
      194	2025-08-28 09:57:22	1	0	1	0
      196	2025-08-28 09:59:29	1	0	1	0
      198	2025-08-28 10:03:51	1	0	1	0
      201	2025-08-28 10:04:17	1	0	1	0
      201	2025-08-28 10:04:19	1	0	1	0
      202	2025-08-28 10:04:23	1	0	1	0
      202	2025-08-28 10:04:28	1	0	1	0
      199	2025-08-28 10:04:33	1	0	1	0
      197	2025-08-28 10:06:05	1	0	1	0
      193	2025-08-28 10:08:22	1	0	1	0
      324	2025-08-28 13:00:00	1	0	1	0
      308	2025-08-28 13:02:25	1	0	1	0
      307	2025-08-28 13:02:31	1	0	1	0
      327	2025-08-28 13:02:42	1	0	1	0
      325	2025-08-28 13:02:51	1	0	1	0
      297	2025-08-28 13:03:18	1	0	1	0
      330	2025-08-28 13:04:39	1	0	1	0
      294	2025-08-28 13:07:06	1	0	1	0
      278	2025-08-28 13:07:10	1	0	1	0
      279	2025-08-28 13:07:53	1	0	1	0
      286	2025-08-28 13:10:04	1	0	1	0
      306	2025-08-28 13:12:41	1	0	1	0
      280	2025-08-28 13:13:47	1	0	1	0
      285	2025-08-28 13:13:56	1	0	1	0
      291	2025-08-28 13:14:26	1	0	1	0
      291	2025-08-28 13:14:29	1	0	1	0
      298	2025-08-28 13:14:37	1	0	1	0
      305	2025-08-28 13:14:49	1	0	1	0
      320	2025-08-28 13:15:59	1	0	1	0
      287	2025-08-28 13:16:37	1	0	1	0
      323	2025-08-28 13:18:23	1	0	1	0
      328	2025-08-28 13:19:00	1	0	1	0
      328	2025-08-28 13:19:01	1	0	1	0
      280	2025-08-28 13:19:30	1	0	1	0
      311	2025-08-28 13:20:37	1	0	1	0
      317	2025-08-28 13:23:33	1	0	1	0
      321	2025-08-28 13:30:21	1	0	1	0
      290	2025-08-28 13:50:19	1	0	1	0
      316	2025-08-28 14:09:13	1	0	1	0
      319	2025-08-28 16:20:38	1	0	1	0
      170	2025-08-29 07:02:17	1	0	1	0
      266	2025-08-29 07:02:22	1	0	1	0
      232	2025-08-29 07:06:54	1	0	1	0
      237	2025-08-29 07:07:04	1	0	1	0
      255	2025-08-29 07:08:04	1	0	1	0
      178	2025-08-29 07:08:09	1	0	1	0
      180	2025-08-29 07:08:40	1	0	1	0
      252	2025-08-29 07:10:41	1	0	1	0
      267	2025-08-29 07:13:40	1	0	1	0
      256	2025-08-29 07:13:55	1	0	1	0
      174	2025-08-29 07:13:59	1	0	1	0
      248	2025-08-29 07:14:02	1	0	1	0
      196	2025-08-29 07:14:29	1	0	1	0
      274	2025-08-29 07:15:49	1	0	1	0
      273	2025-08-29 07:15:57	1	0	1	0
      186	2025-08-29 07:16:09	1	0	1	0
      199	2025-08-29 07:16:49	1	0	1	0
      177	2025-08-29 07:17:39	1	0	1	0
      188	2025-08-29 07:18:02	1	0	1	0
      173	2025-08-29 07:18:11	1	0	1	0
      259	2025-08-29 07:18:26	1	0	1	0
      227	2025-08-29 07:18:46	1	0	1	0
      172	2025-08-29 07:18:54	1	0	1	0
      230	2025-08-29 07:18:59	1	0	1	0
      261	2025-08-29 07:20:03	1	0	1	0
      260	2025-08-29 07:20:25	1	0	1	0
      253	2025-08-29 07:22:07	1	0	1	0
      187	2025-08-29 07:22:15	1	0	1	0
      214	2025-08-29 07:22:49	1	0	1	0
      272	2025-08-29 07:22:56	1	0	1	0
      272	2025-08-29 07:22:57	1	0	1	0
      195	2025-08-29 07:23:00	1	0	1	0
      183	2025-08-29 07:23:20	1	0	1	0
      165	2025-08-29 07:23:31	1	0	1	0
      200	2025-08-29 07:23:57	1	0	1	0
      168	2025-08-29 07:24:35	1	0	1	0
      222	2025-08-29 07:24:39	1	0	1	0
      203	2025-08-29 07:25:30	1	0	1	0
      249	2025-08-29 07:26:03	1	0	1	0
      205	2025-08-29 07:26:09	1	0	1	0
      205	2025-08-29 07:26:10	1	0	1	0
      224	2025-08-29 07:26:51	1	0	1	0
      201	2025-08-29 07:27:10	1	0	1	0
      258	2025-08-29 07:27:35	1	0	1	0
      258	2025-08-29 07:27:37	1	0	1	0
      182	2025-08-29 07:27:49	1	0	1	0
      233	2025-08-29 07:27:54	1	0	1	0
      202	2025-08-29 07:28:16	1	0	1	0
      220	2025-08-29 07:29:18	1	0	1	0
      268	2025-08-29 07:30:29	1	0	1	0
      223	2025-08-29 07:30:54	1	0	1	0
      265	2025-08-29 07:31:05	1	0	1	0
      247	2025-08-29 07:31:26	1	0	1	0
      219	2025-08-29 07:31:31	1	0	1	0
      192	2025-08-29 07:31:38	1	0	1	0
      175	2025-08-29 07:31:52	1	0	1	0
      181	2025-08-29 07:32:09	1	0	1	0
      221	2025-08-29 07:33:36	1	0	1	0
      231	2025-08-29 07:34:30	1	0	1	0
      197	2025-08-29 07:34:40	1	0	1	0
      171	2025-08-29 07:34:56	1	0	1	0
      169	2025-08-29 07:35:43	1	0	1	0
      270	2025-08-29 07:37:24	1	0	1	0
      228	2025-08-29 07:37:28	1	0	1	0
      251	2025-08-29 07:37:37	1	0	1	0
      194	2025-08-29 07:38:07	1	0	1	0
      218	2025-08-29 07:38:11	1	0	1	0
      250	2025-08-29 07:38:22	1	0	1	0
      217	2025-08-29 07:38:49	1	0	1	0
      209	2025-08-29 07:39:39	1	0	1	0
      190	2025-08-29 07:42:20	1	0	1	0
      206	2025-08-29 07:42:50	1	0	1	0
      189	2025-08-29 07:43:20	1	0	1	0
      176	2025-08-29 07:43:24	1	0	1	0
      308	2025-08-29 12:59:01	1	0	1	0
      297	2025-08-29 12:59:06	1	0	1	0
      286	2025-08-29 12:59:28	1	0	1	0
      295	2025-08-29 12:59:55	1	0	1	0
      260	2025-08-29 13:02:18	1	0	1	0
      307	2025-08-29 13:02:32	1	0	1	0
      283	2025-08-29 13:02:38	1	0	1	0
      291	2025-08-29 13:02:40	1	0	1	0
      291	2025-08-29 13:02:46	1	0	1	0
      291	2025-08-29 13:02:48	1	0	1	0
      280	2025-08-29 13:03:00	1	0	1	0
      324	2025-08-29 13:03:50	1	0	1	0
      279	2025-08-29 13:04:44	1	0	1	0
      294	2025-08-29 13:05:55	1	0	1	0
      330	2025-08-29 13:06:07	1	0	1	0
      305	2025-08-29 13:11:36	1	0	1	0
      311	2025-08-29 13:12:05	1	0	1	0
      298	2025-08-29 13:16:28	1	0	1	0
      293	2025-08-29 13:16:31	1	0	1	0
      319	2025-08-29 13:16:37	1	0	1	0
      300	2025-08-29 13:17:27	1	0	1	0
      285	2025-08-29 13:19:18	1	0	1	0
      323	2025-08-29 13:22:48	1	0	1	0
      301	2025-08-29 13:28:44	1	0	1	0
      316	2025-08-29 13:31:52	1	0	1	0
      317	2025-08-29 13:31:57	1	0	1	0
      275	2025-08-29 13:36:18	1	0	1	0
      275	2025-08-29 13:36:20	1	0	1	0
      287	2025-08-29 13:47:21	1	0	1	0
      327	2025-08-29 14:11:01	1	0	1	0
      261	2025-09-01 07:27:39	1	0	1	0
      255	2025-09-01 07:27:44	1	0	1	0
      253	2025-09-01 07:27:48	1	0	1	0
      252	2025-09-01 07:27:52	1	0	1	0
      177	2025-09-01 07:27:55	1	0	1	0
      188	2025-09-01 07:27:58	1	0	1	0
      186	2025-09-01 07:28:03	1	0	1	0
      190	2025-09-01 07:28:07	1	0	1	0
      227	2025-09-01 07:28:11	1	0	1	0
      181	2025-09-01 07:28:15	1	0	1	0
      192	2025-09-01 07:28:23	1	0	1	0
      170	2025-09-01 07:28:25	1	0	1	0
      203	2025-09-01 07:28:29	1	0	1	0
      201	2025-09-01 07:28:38	1	0	1	0
      205	2025-09-01 07:28:44	1	0	1	0
      180	2025-09-01 07:28:48	1	0	1	0
      174	2025-09-01 07:28:52	1	0	1	0
      175	2025-09-01 07:29:12	1	0	1	0
      249	2025-09-01 07:29:20	1	0	1	0
      171	2025-09-01 07:29:23	1	0	1	0
      178	2025-09-01 07:29:24	1	0	1	0
      268	2025-09-01 07:29:29	1	0	1	0
      199	2025-09-01 07:29:37	1	0	1	0
      165	2025-09-01 07:29:41	1	0	1	0
      173	2025-09-01 07:29:45	1	0	1	0
      187	2025-09-01 07:29:49	1	0	1	0
      231	2025-09-01 07:29:52	1	0	1	0
      221	2025-09-01 07:29:56	1	0	1	0
      168	2025-09-01 07:30:00	1	0	1	0
      222	2025-09-01 07:30:04	1	0	1	0
      213	2025-09-01 07:30:08	1	0	1	0
      182	2025-09-01 07:30:13	1	0	1	0
      224	2025-09-01 07:30:18	1	0	1	0
      233	2025-09-01 07:30:30	1	0	1	0
      223	2025-09-01 07:30:37	1	0	1	0
      251	2025-09-01 07:31:41	1	0	1	0
      183	2025-09-01 07:32:13	1	0	1	0
      256	2025-09-01 07:32:18	1	0	1	0
      262	2025-09-01 07:32:22	1	0	1	0
      169	2025-09-01 07:33:41	1	0	1	0
      250	2025-09-01 07:34:24	1	0	1	0
      247	2025-09-01 07:34:52	1	0	1	0
      197	2025-09-01 07:35:05	1	0	1	0
      204	2025-09-01 07:35:43	1	0	1	0
      265	2025-09-01 07:37:51	1	0	1	0
      270	2025-09-01 07:38:31	1	0	1	0
      228	2025-09-01 07:41:04	1	0	1	0
      206	2025-09-01 07:41:12	1	0	1	0
      297	2025-09-01 12:55:58	1	0	1	0
      297	2025-09-01 12:56:44	1	0	1	0
      314	2025-09-01 12:58:54	1	0	1	0
      279	2025-09-01 12:59:07	1	0	1	0
      285	2025-09-01 12:59:32	1	0	1	0
      280	2025-09-01 12:59:41	1	0	1	0
      311	2025-09-01 13:01:11	1	0	1	0
      278	2025-09-01 13:05:14	1	0	1	0
      330	2025-09-01 13:05:30	1	0	1	0
      308	2025-09-01 13:05:35	1	0	1	0
      307	2025-09-01 13:05:40	1	0	1	0
      308	2025-09-01 13:06:50	1	0	1	0
      325	2025-09-01 13:07:05	1	0	1	0
      301	2025-09-01 13:08:01	1	0	1	0
      283	2025-09-01 13:08:13	1	0	1	0
      294	2025-09-01 13:08:17	1	0	1	0
      291	2025-09-01 13:08:19	1	0	1	0
      903	2025-09-01 13:10:48	1	0	1	0
      284	2025-09-01 13:11:36	1	0	1	0
      286	2025-09-01 13:13:07	1	0	1	0
      226	2025-09-01 13:16:13	1	0	1	0
      320	2025-09-01 13:16:53	1	0	1	0
      293	2025-09-01 13:19:04	1	0	1	0
      298	2025-09-01 13:19:10	1	0	1	0
      306	2025-09-01 13:19:15	1	0	1	0
      323	2025-09-01 13:22:05	1	0	1	0
      299	2025-09-01 13:23:53	1	0	1	0
      288	2025-09-01 13:23:56	1	0	1	0
      288	2025-09-01 13:23:58	1	0	1	0
      319	2025-09-01 13:24:13	1	0	1	0
      305	2025-09-01 13:26:45	1	0	1	0
      328	2025-09-01 13:26:55	1	0	1	0
      326	2025-09-01 13:26:59	1	0	1	0
      327	2025-09-01 13:27:40	1	0	1	0
      327	2025-09-01 13:27:42	1	0	1	0
      321	2025-09-01 13:27:59	1	0	1	0
      300	2025-09-01 13:34:15	1	0	1	0
      287	2025-09-01 13:56:54	1	0	1	0
      317	2025-09-01 14:09:35	1	0	1	0
      232	2025-09-02 07:03:40	1	0	1	0
      198	2025-09-02 07:06:14	1	0	1	0
      170	2025-09-02 07:08:35	1	0	1	0
      186	2025-09-02 07:10:51	1	0	1	0
      178	2025-09-02 07:11:19	1	0	1	0
      254	2025-09-02 07:11:38	1	0	1	0
      273	2025-09-02 07:11:42	1	0	1	0
      274	2025-09-02 07:11:47	1	0	1	0
      237	2025-09-02 07:11:51	1	0	1	0
      174	2025-09-02 07:13:26	1	0	1	0
      196	2025-09-02 07:14:28	1	0	1	0
      255	2025-09-02 07:14:33	1	0	1	0
      260	2025-09-02 07:17:19	1	0	1	0
      190	2025-09-02 07:18:34	1	0	1	0
      180	2025-09-02 07:18:38	1	0	1	0
      187	2025-09-02 07:18:49	1	0	1	0
      169	2025-09-02 07:19:55	1	0	1	0
      169	2025-09-02 07:19:56	1	0	1	0
      177	2025-09-02 07:20:20	1	0	1	0
      202	2025-09-02 07:20:54	1	0	1	0
      220	2025-09-02 07:20:57	1	0	1	0
      181	2025-09-02 07:21:06	1	0	1	0
      181	2025-09-02 07:21:07	1	0	1	0
      168	2025-09-02 07:23:34	1	0	1	0
      195	2025-09-02 07:23:38	1	0	1	0
      222	2025-09-02 07:23:42	1	0	1	0
      267	2025-09-02 07:23:52	1	0	1	0
      267	2025-09-02 07:23:53	1	0	1	0
      200	2025-09-02 07:24:25	1	0	1	0
      199	2025-09-02 07:24:33	1	0	1	0
      173	2025-09-02 07:24:42	1	0	1	0
      262	2025-09-02 07:24:50	1	0	1	0
      248	2025-09-02 07:24:54	1	0	1	0
      188	2025-09-02 07:25:07	1	0	1	0
      171	2025-09-02 07:25:11	1	0	1	0
      223	2025-09-02 07:25:27	1	0	1	0
      258	2025-09-02 07:25:31	1	0	1	0
      265	2025-09-02 07:25:35	1	0	1	0
      252	2025-09-02 07:25:39	1	0	1	0
      253	2025-09-02 07:25:43	1	0	1	0
      182	2025-09-02 07:26:01	1	0	1	0
      249	2025-09-02 07:26:45	1	0	1	0
      172	2025-09-02 07:28:20	1	0	1	0
      201	2025-09-02 07:28:32	1	0	1	0
      184	2025-09-02 07:28:44	1	0	1	0
      214	2025-09-02 07:28:49	1	0	1	0
      233	2025-09-02 07:28:54	1	0	1	0
      191	2025-09-02 07:29:05	1	0	1	0
      224	2025-09-02 07:29:29	1	0	1	0
      261	2025-09-02 07:29:46	1	0	1	0
      203	2025-09-02 07:30:14	1	0	1	0
      205	2025-09-02 07:30:19	1	0	1	0
      209	2025-09-02 07:30:33	1	0	1	0
      209	2025-09-02 07:30:35	1	0	1	0
      221	2025-09-02 07:31:01	1	0	1	0
      165	2025-09-02 07:31:22	1	0	1	0
      263	2025-09-02 07:31:47	1	0	1	0
      251	2025-09-02 07:31:50	1	0	1	0
      204	2025-09-02 07:31:54	1	0	1	0
      268	2025-09-02 07:32:01	1	0	1	0
      192	2025-09-02 07:32:09	1	0	1	0
      213	2025-09-02 07:32:14	1	0	1	0
      217	2025-09-02 07:32:43	1	0	1	0
      176	2025-09-02 07:33:20	1	0	1	0
      197	2025-09-02 07:33:45	1	0	1	0
      228	2025-09-02 07:34:10	1	0	1	0
      247	2025-09-02 07:34:45	1	0	1	0
      247	2025-09-02 07:34:46	1	0	1	0
      227	2025-09-02 07:34:55	1	0	1	0
      250	2025-09-02 07:35:14	1	0	1	0
      194	2025-09-02 07:35:16	1	0	1	0
      183	2025-09-02 07:35:21	1	0	1	0
      175	2025-09-02 07:36:52	1	0	1	0
      189	2025-09-02 07:37:27	1	0	1	0
      270	2025-09-02 07:37:43	1	0	1	0
      207	2025-09-02 07:38:21	1	0	1	0
      206	2025-09-02 07:40:51	1	0	1	0
      230	2025-09-02 07:40:57	1	0	1	0
      230	2025-09-02 07:40:58	1	0	1	0
      231	2025-09-02 07:41:07	1	0	1	0
      272	2025-09-02 09:04:07	1	0	1	0
      202	2025-09-02 10:36:54	1	0	1	0
      314	2025-09-02 12:31:25	1	0	1	0
      285	2025-09-02 12:56:29	1	0	1	0
      297	2025-09-02 12:56:43	1	0	1	0
      279	2025-09-02 12:56:53	1	0	1	0
      325	2025-09-02 13:00:45	1	0	1	0
      330	2025-09-02 13:00:54	1	0	1	0
      903	2025-09-02 13:05:28	1	0	1	0
      300	2025-09-02 13:06:10	1	0	1	0
      293	2025-09-02 13:07:05	1	0	1	0
      307	2025-09-02 13:07:10	1	0	1	0
      308	2025-09-02 13:07:14	1	0	1	0
      298	2025-09-02 13:07:19	1	0	1	0
      278	2025-09-02 13:08:35	1	0	1	0
      311	2025-09-02 13:09:14	1	0	1	0
      286	2025-09-02 13:10:17	1	0	1	0
      320	2025-09-02 13:10:52	1	0	1	0
      316	2025-09-02 13:11:31	1	0	1	0
      317	2025-09-02 13:11:35	1	0	1	0
      283	2025-09-02 13:14:29	1	0	1	0
      306	2025-09-02 13:15:22	1	0	1	0
      306	2025-09-02 13:15:23	1	0	1	0
      321	2025-09-02 13:16:28	1	0	1	0
      323	2025-09-02 13:19:52	1	0	1	0
      291	2025-09-02 13:20:57	1	0	1	0
      277	2025-09-02 13:28:23	1	0	1	0
      277	2025-09-02 13:28:24	1	0	1	0
      287	2025-09-02 13:33:16	1	0	1	0
      305	2025-09-02 13:36:16	1	0	1	0
      326	2025-09-02 13:42:39	1	0	1	0
      290	2025-09-02 13:47:31	1	0	1	0
      327	2025-09-02 13:48:01	1	0	1	0
      275	2025-09-02 13:48:27	1	0	1	0
      284	2025-09-02 13:49:06	1	0	1	0
      252	2025-09-02 13:50:51	1	0	1	0
      284	2025-09-02 16:15:26	1	0	1	0
      232	2025-09-03 07:05:31	1	0	1	0
      248	2025-09-03 07:05:35	1	0	1	0
      170	2025-09-03 07:06:03	1	0	1	0
      254	2025-09-03 07:06:06	1	0	1	0
      266	2025-09-03 07:06:09	1	0	1	0
      207	2025-09-03 07:10:42	1	0	1	0
      214	2025-09-03 07:10:46	1	0	1	0
      197	2025-09-03 07:11:09	1	0	1	0
      186	2025-09-03 07:11:13	1	0	1	0
      273	2025-09-03 07:11:19	1	0	1	0
      274	2025-09-03 07:11:32	1	0	1	0
      237	2025-09-03 07:11:36	1	0	1	0
      255	2025-09-03 07:14:44	1	0	1	0
      221	2025-09-03 07:15:32	1	0	1	0
      260	2025-09-03 07:17:11	1	0	1	0
      177	2025-09-03 07:17:16	1	0	1	0
      178	2025-09-03 07:17:31	1	0	1	0
      170	2025-09-03 07:17:33	1	0	1	0
      180	2025-09-03 07:18:14	1	0	1	0
      190	2025-09-03 07:19:20	1	0	1	0
      181	2025-09-03 07:19:41	1	0	1	0
      219	2025-09-03 07:19:56	1	0	1	0
      249	2025-09-03 07:21:47	1	0	1	0
      196	2025-09-03 07:22:30	1	0	1	0
      203	2025-09-03 07:22:34	1	0	1	0
      247	2025-09-03 07:22:41	1	0	1	0
      223	2025-09-03 07:23:51	1	0	1	0
      220	2025-09-03 07:23:54	1	0	1	0
      200	2025-09-03 07:24:01	1	0	1	0
      174	2025-09-03 07:24:05	1	0	1	0
      230	2025-09-03 07:24:13	1	0	1	0
      187	2025-09-03 07:24:24	1	0	1	0
      202	2025-09-03 07:24:28	1	0	1	0
      202	2025-09-03 07:24:29	1	0	1	0
      165	2025-09-03 07:25:25	1	0	1	0
      169	2025-09-03 07:25:33	1	0	1	0
      169	2025-09-03 07:25:35	1	0	1	0
      168	2025-09-03 07:25:42	1	0	1	0
      222	2025-09-03 07:25:46	1	0	1	0
      183	2025-09-03 07:26:40	1	0	1	0
      227	2025-09-03 07:27:46	1	0	1	0
      188	2025-09-03 07:27:49	1	0	1	0
      258	2025-09-03 07:27:52	1	0	1	0
      175	2025-09-03 07:27:56	1	0	1	0
      184	2025-09-03 07:28:23	1	0	1	0
      259	2025-09-03 07:28:35	1	0	1	0
      253	2025-09-03 07:28:48	1	0	1	0
      172	2025-09-03 07:28:59	1	0	1	0
      252	2025-09-03 07:29:04	1	0	1	0
      182	2025-09-03 07:29:08	1	0	1	0
      251	2025-09-03 07:29:26	1	0	1	0
      233	2025-09-03 07:29:30	1	0	1	0
      205	2025-09-03 07:29:42	1	0	1	0
      201	2025-09-03 07:29:59	1	0	1	0
      213	2025-09-03 07:31:01	1	0	1	0
      215	2025-09-03 07:31:09	1	0	1	0
      267	2025-09-03 07:31:45	1	0	1	0
      267	2025-09-03 07:31:47	1	0	1	0
      224	2025-09-03 07:31:50	1	0	1	0
      268	2025-09-03 07:32:11	1	0	1	0
      171	2025-09-03 07:33:26	1	0	1	0
      217	2025-09-03 07:33:30	1	0	1	0
      261	2025-09-03 07:34:51	1	0	1	0
      195	2025-09-03 07:34:58	1	0	1	0
      204	2025-09-03 07:35:08	1	0	1	0
      211	2025-09-03 07:35:18	1	0	1	0
      189	2025-09-03 07:35:22	1	0	1	0
      209	2025-09-03 07:36:33	1	0	1	0
      250	2025-09-03 07:36:43	1	0	1	0
      194	2025-09-03 07:36:47	1	0	1	0
      192	2025-09-03 07:38:12	1	0	1	0
      191	2025-09-03 07:38:35	1	0	1	0
      173	2025-09-03 07:38:38	1	0	1	0
      270	2025-09-03 07:40:15	1	0	1	0
      206	2025-09-03 07:40:48	1	0	1	0
      228	2025-09-03 07:43:08	1	0	1	0
      231	2025-09-03 07:43:27	1	0	1	0
      265	2025-09-03 07:48:26	1	0	1	0
      325	2025-09-03 12:59:36	1	0	1	0
      330	2025-09-03 12:59:41	1	0	1	0
      311	2025-09-03 12:59:46	1	0	1	0
      297	2025-09-03 12:59:50	1	0	1	0
      279	2025-09-03 13:00:05	1	0	1	0
      324	2025-09-03 13:00:13	1	0	1	0
      903	2025-09-03 13:00:30	1	0	1	0
      285	2025-09-03 13:04:03	1	0	1	0
      280	2025-09-03 13:05:56	1	0	1	0
      278	2025-09-03 13:12:05	1	0	1	0
      283	2025-09-03 13:12:08	1	0	1	0
      294	2025-09-03 13:12:11	1	0	1	0
      291	2025-09-03 13:12:14	1	0	1	0
      326	2025-09-03 13:13:12	1	0	1	0
      298	2025-09-03 13:13:57	1	0	1	0
      308	2025-09-03 13:14:03	1	0	1	0
      307	2025-09-03 13:14:05	1	0	1	0
      293	2025-09-03 13:14:11	1	0	1	0
      321	2025-09-03 13:15:53	1	0	1	0
      323	2025-09-03 13:18:15	1	0	1	0
      323	2025-09-03 13:18:20	1	0	1	0
      320	2025-09-03 13:18:56	1	0	1	0
      300	2025-09-03 13:21:00	1	0	1	0
      316	2025-09-03 13:23:02	1	0	1	0
      287	2025-09-03 13:24:05	1	0	1	0
      306	2025-09-03 13:24:20	1	0	1	0
      302	2025-09-03 13:24:51	1	0	1	0
      286	2025-09-03 13:25:00	1	0	1	0
      305	2025-09-03 13:27:44	1	0	1	0
      327	2025-09-03 13:29:09	1	0	1	0
      275	2025-09-03 13:32:49	1	0	1	0
      328	2025-09-03 13:33:43	1	0	1	0
      328	2025-09-03 13:33:44	1	0	1	0
      277	2025-09-03 13:33:56	1	0	1	0
      303	2025-09-03 13:34:00	1	0	1	0
      288	2025-09-03 13:35:02	1	0	1	0
      299	2025-09-03 13:35:05	1	0	1	0
      301	2025-09-03 13:38:16	1	0	1	0
      170	2025-09-04 06:56:20	1	0	1	0
      232	2025-09-04 06:59:18	1	0	1	0
      178	2025-09-04 07:02:18	1	0	1	0
      248	2025-09-04 07:04:39	1	0	1	0
      237	2025-09-04 07:08:35	1	0	1	0
      186	2025-09-04 07:09:59	1	0	1	0
      254	2025-09-04 07:10:50	1	0	1	0
      272	2025-09-04 07:11:05	1	0	1	0
      272	2025-09-04 07:11:06	1	0	1	0
      273	2025-09-04 07:13:21	1	0	1	0
      274	2025-09-04 07:13:24	1	0	1	0
      197	2025-09-04 07:13:34	1	0	1	0
      214	2025-09-04 07:13:38	1	0	1	0
      256	2025-09-04 07:15:28	1	0	1	0
      174	2025-09-04 07:15:32	1	0	1	0
      180	2025-09-04 07:15:45	1	0	1	0
      260	2025-09-04 07:16:03	1	0	1	0
      183	2025-09-04 07:17:41	1	0	1	0
      196	2025-09-04 07:20:14	1	0	1	0
      223	2025-09-04 07:20:23	1	0	1	0
      249	2025-09-04 07:20:38	1	0	1	0
      168	2025-09-04 07:20:47	1	0	1	0
      222	2025-09-04 07:20:50	1	0	1	0
      220	2025-09-04 07:20:56	1	0	1	0
      173	2025-09-04 07:21:10	1	0	1	0
      190	2025-09-04 07:21:39	1	0	1	0
      177	2025-09-04 07:23:06	1	0	1	0
      253	2025-09-04 07:23:11	1	0	1	0
      252	2025-09-04 07:23:15	1	0	1	0
      169	2025-09-04 07:23:27	1	0	1	0
      202	2025-09-04 07:23:49	1	0	1	0
      219	2025-09-04 07:24:29	1	0	1	0
      187	2025-09-04 07:24:33	1	0	1	0
      175	2025-09-04 07:25:37	1	0	1	0
      213	2025-09-04 07:25:43	1	0	1	0
      188	2025-09-04 07:26:47	1	0	1	0
      181	2025-09-04 07:26:58	1	0	1	0
      227	2025-09-04 07:27:34	1	0	1	0
      215	2025-09-04 07:27:38	1	0	1	0
      215	2025-09-04 07:27:40	1	0	1	0
      205	2025-09-04 07:27:58	1	0	1	0
      261	2025-09-04 07:28:39	1	0	1	0
      233	2025-09-04 07:28:56	1	0	1	0
      258	2025-09-04 07:29:08	1	0	1	0
      259	2025-09-04 07:29:12	1	0	1	0
      195	2025-09-04 07:29:18	1	0	1	0
      230	2025-09-04 07:29:29	1	0	1	0
      191	2025-09-04 07:29:37	1	0	1	0
      191	2025-09-04 07:29:38	1	0	1	0
      221	2025-09-04 07:29:46	1	0	1	0
      182	2025-09-04 07:29:50	1	0	1	0
      184	2025-09-04 07:29:57	1	0	1	0
      172	2025-09-04 07:30:36	1	0	1	0
      165	2025-09-04 07:30:38	1	0	1	0
      199	2025-09-04 07:30:40	1	0	1	0
      224	2025-09-04 07:30:45	1	0	1	0
      224	2025-09-04 07:31:18	1	0	1	0
      228	2025-09-04 07:31:36	1	0	1	0
      176	2025-09-04 07:31:47	1	0	1	0
      203	2025-09-04 07:32:23	1	0	1	0
      192	2025-09-04 07:32:30	1	0	1	0
      268	2025-09-04 07:32:56	1	0	1	0
      231	2025-09-04 07:33:13	1	0	1	0
      267	2025-09-04 07:33:38	1	0	1	0
      204	2025-09-04 07:34:15	1	0	1	0
      201	2025-09-04 07:34:23	1	0	1	0
      247	2025-09-04 07:34:46	1	0	1	0
      209	2025-09-04 07:36:10	1	0	1	0
      251	2025-09-04 07:38:12	1	0	1	0
      217	2025-09-04 07:40:22	1	0	1	0
      270	2025-09-04 07:41:26	1	0	1	0
      171	2025-09-04 07:41:31	1	0	1	0
      250	2025-09-04 07:41:49	1	0	1	0
      189	2025-09-04 07:41:53	1	0	1	0
      194	2025-09-04 07:41:58	1	0	1	0
      193	2025-09-04 07:42:02	1	0	1	0
      265	2025-09-04 07:47:25	1	0	1	0
      207	2025-09-04 08:24:56	1	0	1	0
      297	2025-09-04 12:50:53	1	0	1	0
      279	2025-09-04 12:51:04	1	0	1	0
      323	2025-09-04 12:59:51	1	0	1	0
      325	2025-09-04 12:59:55	1	0	1	0
      319	2025-09-04 13:00:19	1	0	1	0
      300	2025-09-04 13:03:36	1	0	1	0
      311	2025-09-04 13:04:48	1	0	1	0
      330	2025-09-04 13:06:09	1	0	1	0
      327	2025-09-04 13:10:13	1	0	1	0
      307	2025-09-04 13:10:23	1	0	1	0
      293	2025-09-04 13:10:31	1	0	1	0
      298	2025-09-04 13:10:49	1	0	1	0
      308	2025-09-04 13:10:51	1	0	1	0
      903	2025-09-04 13:12:16	1	0	1	0
      328	2025-09-04 13:12:44	1	0	1	0
      328	2025-09-04 13:12:45	1	0	1	0
      294	2025-09-04 13:13:13	1	0	1	0
      278	2025-09-04 13:13:18	1	0	1	0
      280	2025-09-04 13:19:00	1	0	1	0
      291	2025-09-04 13:19:29	1	0	1	0
      275	2025-09-04 13:21:32	1	0	1	0
      287	2025-09-04 13:28:57	1	0	1	0
      287	2025-09-04 13:29:00	1	0	1	0
      306	2025-09-04 13:31:07	1	0	1	0
      305	2025-09-04 13:31:51	1	0	1	0
      326	2025-09-04 13:46:27	1	0	1	0
      301	2025-09-04 13:50:39	1	0	1	0
      290	2025-09-04 13:56:23	1	0	1	0
      317	2025-09-04 13:56:29	1	0	1	0
      316	2025-09-04 14:27:29	1	0	1	0
      178	2025-09-05 07:06:07	1	0	1	0
      255	2025-09-05 07:08:57	1	0	1	0
      170	2025-09-05 07:10:41	1	0	1	0
      254	2025-09-05 07:10:45	1	0	1	0
      199	2025-09-05 07:11:13	1	0	1	0
      180	2025-09-05 07:12:45	1	0	1	0
      174	2025-09-05 07:13:08	1	0	1	0
      274	2025-09-05 07:13:12	1	0	1	0
      197	2025-09-05 07:13:58	1	0	1	0
      200	2025-09-05 07:15:22	1	0	1	0
      232	2025-09-05 07:15:39	1	0	1	0
      273	2025-09-05 07:17:01	1	0	1	0
      266	2025-09-05 07:17:08	1	0	1	0
      207	2025-09-05 07:17:12	1	0	1	0
      214	2025-09-05 07:17:22	1	0	1	0
      219	2025-09-05 07:17:26	1	0	1	0
      177	2025-09-05 07:18:03	1	0	1	0
      248	2025-09-05 07:19:39	1	0	1	0
      237	2025-09-05 07:19:44	1	0	1	0
      272	2025-09-05 07:20:10	1	0	1	0
      256	2025-09-05 07:20:51	1	0	1	0
      261	2025-09-05 07:20:58	1	0	1	0
      169	2025-09-05 07:22:29	1	0	1	0
      169	2025-09-05 07:22:30	1	0	1	0
      220	2025-09-05 07:22:42	1	0	1	0
      252	2025-09-05 07:22:47	1	0	1	0
      253	2025-09-05 07:23:37	1	0	1	0
      196	2025-09-05 07:23:55	1	0	1	0
      221	2025-09-05 07:24:41	1	0	1	0
      182	2025-09-05 07:25:00	1	0	1	0
      184	2025-09-05 07:26:03	1	0	1	0
      202	2025-09-05 07:26:07	1	0	1	0
      195	2025-09-05 07:26:21	1	0	1	0
      249	2025-09-05 07:26:25	1	0	1	0
      176	2025-09-05 07:26:40	1	0	1	0
      168	2025-09-05 07:26:47	1	0	1	0
      222	2025-09-05 07:26:51	1	0	1	0
      187	2025-09-05 07:27:03	1	0	1	0
      258	2025-09-05 07:27:10	1	0	1	0
      203	2025-09-05 07:27:32	1	0	1	0
      213	2025-09-05 07:29:03	1	0	1	0
      211	2025-09-05 07:29:18	1	0	1	0
      165	2025-09-05 07:29:49	1	0	1	0
      266	2025-09-05 07:29:59	1	0	1	0
      255	2025-09-05 07:30:03	1	0	1	0
      205	2025-09-05 07:30:17	1	0	1	0
      223	2025-09-05 07:30:43	1	0	1	0
      201	2025-09-05 07:31:11	1	0	1	0
      175	2025-09-05 07:31:20	1	0	1	0
      265	2025-09-05 07:31:37	1	0	1	0
      270	2025-09-05 07:32:02	1	0	1	0
      191	2025-09-05 07:32:27	1	0	1	0
      172	2025-09-05 07:34:06	1	0	1	0
      209	2025-09-05 07:34:16	1	0	1	0
      209	2025-09-05 07:34:17	1	0	1	0
      233	2025-09-05 07:34:22	1	0	1	0
      204	2025-09-05 07:34:27	1	0	1	0
      206	2025-09-05 07:34:55	1	0	1	0
      231	2025-09-05 07:35:14	1	0	1	0
      189	2025-09-05 07:35:50	1	0	1	0
      183	2025-09-05 07:35:53	1	0	1	0
      224	2025-09-05 07:36:10	1	0	1	0
      190	2025-09-05 07:36:50	1	0	1	0
      251	2025-09-05 07:37:53	1	0	1	0
      247	2025-09-05 07:38:11	1	0	1	0
      192	2025-09-05 07:38:19	1	0	1	0
      166	2025-09-05 07:38:27	1	0	1	0
      250	2025-09-05 07:38:44	1	0	1	0
      194	2025-09-05 07:38:46	1	0	1	0
      217	2025-09-05 07:43:04	1	0	1	0
      171	2025-09-05 07:44:23	1	0	1	0
      228	2025-09-05 07:44:31	1	0	1	0
      227	2025-09-05 07:44:33	1	0	1	0
      181	2025-09-05 08:07:29	1	0	1	0
      297	2025-09-05 12:54:32	1	0	1	0
      279	2025-09-05 12:54:42	1	0	1	0
      295	2025-09-05 12:55:02	1	0	1	0
      325	2025-09-05 13:02:22	1	0	1	0
      330	2025-09-05 13:02:26	1	0	1	0
      323	2025-09-05 13:03:56	1	0	1	0
      278	2025-09-05 13:05:52	1	0	1	0
      319	2025-09-05 13:08:24	1	0	1	0
      307	2025-09-05 13:10:16	1	0	1	0
      298	2025-09-05 13:10:25	1	0	1	0
      293	2025-09-05 13:10:30	1	0	1	0
      308	2025-09-05 13:10:35	1	0	1	0
      280	2025-09-05 13:11:52	1	0	1	0
      903	2025-09-05 13:12:06	1	0	1	0
      305	2025-09-05 13:12:09	1	0	1	0
      286	2025-09-05 13:12:27	1	0	1	0
      283	2025-09-05 13:21:14	1	0	1	0
      291	2025-09-05 13:21:20	1	0	1	0
      291	2025-09-05 13:21:22	1	0	1	0
      291	2025-09-05 13:21:24	1	0	1	0
      311	2025-09-05 13:22:25	1	0	1	0
      303	2025-09-05 13:23:18	1	0	1	0
      303	2025-09-05 13:23:19	1	0	1	0
      277	2025-09-05 13:23:23	1	0	1	0
      294	2025-09-05 13:23:34	1	0	1	0
      299	2025-09-05 13:23:37	1	0	1	0
      288	2025-09-05 13:23:40	1	0	1	0
      328	2025-09-05 13:23:48	1	0	1	0
      306	2025-09-05 13:24:38	1	0	1	0
      326	2025-09-05 13:25:58	1	0	1	0
      300	2025-09-05 13:28:10	1	0	1	0
      327	2025-09-05 13:32:13	1	0	1	0
      301	2025-09-05 13:38:40	1	0	1	0
      275	2025-09-05 13:44:36	1	0	1	0
      275	2025-09-05 13:44:37	1	0	1	0
      302	2025-09-05 13:47:39	1	0	1	0
      186	2025-09-08 07:02:15	1	0	1	0
      181	2025-09-08 07:02:49	1	0	1	0
      181	2025-09-08 07:02:50	1	0	1	0
      178	2025-09-08 07:06:26	1	0	1	0
      254	2025-09-08 07:06:57	1	0	1	0
      272	2025-09-08 07:08:28	1	0	1	0
      170	2025-09-08 07:10:29	1	0	1	0
      255	2025-09-08 07:10:50	1	0	1	0
      197	2025-09-08 07:12:03	1	0	1	0
      180	2025-09-08 07:12:25	1	0	1	0
      232	2025-09-08 07:12:50	1	0	1	0
      266	2025-09-08 07:13:01	1	0	1	0
      274	2025-09-08 07:13:29	1	0	1	0
      273	2025-09-08 07:13:34	1	0	1	0
      248	2025-09-08 07:14:44	1	0	1	0
      177	2025-09-08 07:14:47	1	0	1	0
      195	2025-09-08 07:17:12	1	0	1	0
      199	2025-09-08 07:17:22	1	0	1	0
      187	2025-09-08 07:22:51	1	0	1	0
      200	2025-09-08 07:23:24	1	0	1	0
      214	2025-09-08 07:23:50	1	0	1	0
      219	2025-09-08 07:24:02	1	0	1	0
      188	2025-09-08 07:24:30	1	0	1	0
      260	2025-09-08 07:24:38	1	0	1	0
      249	2025-09-08 07:25:15	1	0	1	0
      196	2025-09-08 07:25:24	1	0	1	0
      210	2025-09-08 07:25:28	1	0	1	0
      190	2025-09-08 07:25:36	1	0	1	0
      217	2025-09-08 07:25:48	1	0	1	0
      168	2025-09-08 07:25:53	1	0	1	0
      222	2025-09-08 07:25:56	1	0	1	0
      211	2025-09-08 07:26:01	1	0	1	0
      258	2025-09-08 07:26:06	1	0	1	0
      183	2025-09-08 07:27:01	1	0	1	0
      169	2025-09-08 07:27:06	1	0	1	0
      169	2025-09-08 07:27:07	1	0	1	0
      221	2025-09-08 07:27:11	1	0	1	0
      189	2025-09-08 07:27:19	1	0	1	0
      257	2025-09-08 07:27:26	1	0	1	0
      247	2025-09-08 07:27:29	1	0	1	0
      259	2025-09-08 07:27:41	1	0	1	0
      265	2025-09-08 07:28:10	1	0	1	0
      182	2025-09-08 07:28:21	1	0	1	0
      184	2025-09-08 07:28:40	1	0	1	0
      177	2025-09-08 07:28:58	1	0	1	0
      211	2025-09-08 07:29:02	1	0	1	0
      220	2025-09-08 07:29:07	1	0	1	0
      172	2025-09-08 07:29:27	1	0	1	0
      172	2025-09-08 07:29:28	1	0	1	0
      165	2025-09-08 07:29:46	1	0	1	0
      205	2025-09-08 07:30:05	1	0	1	0
      233	2025-09-08 07:30:16	1	0	1	0
      227	2025-09-08 07:30:34	1	0	1	0
      203	2025-09-08 07:31:03	1	0	1	0
      253	2025-09-08 07:31:14	1	0	1	0
      261	2025-09-08 07:31:16	1	0	1	0
      261	2025-09-08 07:31:17	1	0	1	0
      252	2025-09-08 07:31:21	1	0	1	0
      202	2025-09-08 07:32:37	1	0	1	0
      191	2025-09-08 07:32:41	1	0	1	0
      223	2025-09-08 07:32:47	1	0	1	0
      213	2025-09-08 07:32:54	1	0	1	0
      204	2025-09-08 07:32:58	1	0	1	0
      228	2025-09-08 07:33:13	1	0	1	0
      171	2025-09-08 07:34:53	1	0	1	0
      270	2025-09-08 07:35:12	1	0	1	0
      175	2025-09-08 07:35:34	1	0	1	0
      267	2025-09-08 07:35:55	1	0	1	0
      268	2025-09-08 07:36:04	1	0	1	0
      201	2025-09-08 07:36:53	1	0	1	0
      176	2025-09-08 07:36:57	1	0	1	0
      194	2025-09-08 07:41:26	1	0	1	0
      250	2025-09-08 07:41:30	1	0	1	0
      231	2025-09-08 07:41:36	1	0	1	0
      209	2025-09-08 07:42:35	1	0	1	0
      192	2025-09-08 07:44:38	1	0	1	0
      192	2025-09-08 07:44:39	1	0	1	0
      279	2025-09-08 12:53:40	1	0	1	0
      295	2025-09-08 12:53:55	1	0	1	0
      297	2025-09-08 12:53:59	1	0	1	0
      314	2025-09-08 12:58:31	1	0	1	0
      286	2025-09-08 12:59:08	1	0	1	0
      323	2025-09-08 12:59:17	1	0	1	0
      330	2025-09-08 13:01:28	1	0	1	0
      330	2025-09-08 13:04:32	1	0	1	0
      325	2025-09-08 13:04:39	1	0	1	0
      278	2025-09-08 13:06:12	1	0	1	0
      280	2025-09-08 13:06:21	1	0	1	0
      316	2025-09-08 13:06:30	1	0	1	0
      317	2025-09-08 13:06:34	1	0	1	0
      306	2025-09-08 13:06:55	1	0	1	0
      285	2025-09-08 13:08:17	1	0	1	0
      320	2025-09-08 13:13:12	1	0	1	0
      307	2025-09-08 13:14:19	1	0	1	0
      298	2025-09-08 13:14:24	1	0	1	0
      293	2025-09-08 13:14:26	1	0	1	0
      308	2025-09-08 13:14:28	1	0	1	0
      305	2025-09-08 13:14:35	1	0	1	0
      291	2025-09-08 13:14:40	1	0	1	0
      283	2025-09-08 13:14:42	1	0	1	0
      294	2025-09-08 13:14:44	1	0	1	0
      291	2025-09-08 13:14:47	1	0	1	0
      226	2025-09-08 13:19:59	1	0	1	0
      326	2025-09-08 13:26:19	1	0	1	0
      319	2025-09-08 13:26:22	1	0	1	0
      302	2025-09-08 13:35:59	1	0	1	0
      328	2025-09-08 13:37:12	1	0	1	0
      299	2025-09-08 13:38:24	1	0	1	0
      288	2025-09-08 13:38:26	1	0	1	0
      301	2025-09-08 13:38:29	1	0	1	0
      321	2025-09-08 13:38:43	1	0	1	0
      311	2025-09-08 13:39:06	1	0	1	0
      300	2025-09-08 13:49:24	1	0	1	0
      327	2025-09-08 13:50:40	1	0	1	0
      301	2025-09-08 14:32:48	1	0	1	0
      301	2025-09-08 14:33:03	1	0	1	0
      272	2025-09-09 07:02:59	1	0	1	0
      272	2025-09-09 07:03:00	1	0	1	0
      254	2025-09-09 07:06:30	1	0	1	0
      178	2025-09-09 07:06:43	1	0	1	0
      248	2025-09-09 07:06:56	1	0	1	0
      170	2025-09-09 07:08:49	1	0	1	0
      257	2025-09-09 07:09:15	1	0	1	0
      232	2025-09-09 07:14:31	1	0	1	0
      273	2025-09-09 07:15:21	1	0	1	0
      274	2025-09-09 07:15:28	1	0	1	0
      255	2025-09-09 07:15:31	1	0	1	0
      266	2025-09-09 07:15:35	1	0	1	0
      180	2025-09-09 07:15:42	1	0	1	0
      237	2025-09-09 07:15:46	1	0	1	0
      206	2025-09-09 07:17:30	1	0	1	0
      247	2025-09-09 07:18:18	1	0	1	0
      221	2025-09-09 07:19:47	1	0	1	0
      260	2025-09-09 07:20:27	1	0	1	0
      174	2025-09-09 07:20:31	1	0	1	0
      174	2025-09-09 07:20:32	1	0	1	0
      252	2025-09-09 07:21:07	1	0	1	0
      253	2025-09-09 07:21:11	1	0	1	0
      181	2025-09-09 07:21:25	1	0	1	0
      173	2025-09-09 07:21:37	1	0	1	0
      165	2025-09-09 07:21:57	1	0	1	0
      220	2025-09-09 07:22:10	1	0	1	0
      220	2025-09-09 07:22:11	1	0	1	0
      223	2025-09-09 07:22:47	1	0	1	0
      214	2025-09-09 07:23:14	1	0	1	0
      219	2025-09-09 07:23:32	1	0	1	0
      186	2025-09-09 07:23:44	1	0	1	0
      195	2025-09-09 07:23:59	1	0	1	0
      200	2025-09-09 07:24:04	1	0	1	0
      205	2025-09-09 07:24:09	1	0	1	0
      256	2025-09-09 07:24:30	1	0	1	0
      188	2025-09-09 07:24:38	1	0	1	0
      202	2025-09-09 07:24:42	1	0	1	0
      209	2025-09-09 07:24:45	1	0	1	0
      191	2025-09-09 07:24:50	1	0	1	0
      261	2025-09-09 07:25:00	1	0	1	0
      190	2025-09-09 07:25:13	1	0	1	0
      169	2025-09-09 07:25:51	1	0	1	0
      169	2025-09-09 07:25:52	1	0	1	0
      187	2025-09-09 07:25:55	1	0	1	0
      230	2025-09-09 07:26:01	1	0	1	0
      189	2025-09-09 07:26:18	1	0	1	0
      270	2025-09-09 07:26:24	1	0	1	0
      203	2025-09-09 07:26:51	1	0	1	0
      168	2025-09-09 07:27:13	1	0	1	0
      222	2025-09-09 07:27:18	1	0	1	0
      227	2025-09-09 07:27:23	1	0	1	0
      215	2025-09-09 07:27:28	1	0	1	0
      211	2025-09-09 07:27:32	1	0	1	0
      172	2025-09-09 07:27:35	1	0	1	0
      259	2025-09-09 07:27:39	1	0	1	0
      258	2025-09-09 07:27:42	1	0	1	0
      184	2025-09-09 07:28:51	1	0	1	0
      199	2025-09-09 07:29:35	1	0	1	0
      232	2025-09-09 07:29:38	1	0	1	0
      213	2025-09-09 07:29:52	1	0	1	0
      182	2025-09-09 07:30:02	1	0	1	0
      233	2025-09-09 07:30:50	1	0	1	0
      249	2025-09-09 07:30:55	1	0	1	0
      176	2025-09-09 07:30:59	1	0	1	0
      217	2025-09-09 07:31:03	1	0	1	0
      175	2025-09-09 07:31:30	1	0	1	0
      268	2025-09-09 07:32:42	1	0	1	0
      192	2025-09-09 07:32:46	1	0	1	0
      224	2025-09-09 07:33:51	1	0	1	0
      228	2025-09-09 07:33:57	1	0	1	0
      210	2025-09-09 07:35:01	1	0	1	0
      201	2025-09-09 07:35:15	1	0	1	0
      267	2025-09-09 07:35:20	1	0	1	0
      196	2025-09-09 07:35:33	1	0	1	0
      194	2025-09-09 07:37:08	1	0	1	0
      250	2025-09-09 07:37:13	1	0	1	0
      262	2025-09-09 07:37:43	1	0	1	0
      197	2025-09-09 07:40:42	1	0	1	0
      204	2025-09-09 07:40:49	1	0	1	0
      265	2025-09-09 07:40:54	1	0	1	0
      183	2025-09-09 07:42:11	1	0	1	0
      325	2025-09-09 12:59:30	1	0	1	0
      330	2025-09-09 12:59:34	1	0	1	0
      297	2025-09-09 12:59:39	1	0	1	0
      285	2025-09-09 13:00:42	1	0	1	0
      314	2025-09-09 13:00:48	1	0	1	0
      278	2025-09-09 13:02:07	1	0	1	0
      280	2025-09-09 13:03:40	1	0	1	0
      279	2025-09-09 13:05:58	1	0	1	0
      323	2025-09-09 13:06:08	1	0	1	0
      903	2025-09-09 13:10:11	1	0	1	0
      317	2025-09-09 13:13:50	1	0	1	0
      301	2025-09-09 13:14:38	1	0	1	0
      286	2025-09-09 13:15:36	1	0	1	0
      305	2025-09-09 13:16:02	1	0	1	0
      320	2025-09-09 13:18:55	1	0	1	0
      294	2025-09-09 13:19:02	1	0	1	0
      291	2025-09-09 13:19:04	1	0	1	0
      291	2025-09-09 13:19:10	1	0	1	0
      307	2025-09-09 13:19:40	1	0	1	0
      293	2025-09-09 13:19:50	1	0	1	0
      298	2025-09-09 13:19:54	1	0	1	0
      308	2025-09-09 13:19:58	1	0	1	0
      328	2025-09-09 13:23:51	1	0	1	0
      299	2025-09-09 13:25:18	1	0	1	0
      288	2025-09-09 13:25:20	1	0	1	0
      326	2025-09-09 13:26:00	1	0	1	0
      319	2025-09-09 13:26:13	1	0	1	0
      277	2025-09-09 13:35:30	1	0	1	0
      303	2025-09-09 13:35:32	1	0	1	0
      306	2025-09-09 13:35:55	1	0	1	0
      321	2025-09-09 13:35:58	1	0	1	0
      290	2025-09-09 13:38:40	1	0	1	0
      290	2025-09-09 13:38:41	1	0	1	0
      311	2025-09-09 13:42:40	1	0	1	0
      327	2025-09-09 14:09:23	1	0	1	0
      316	2025-09-09 14:30:35	1	0	1	0
      181	2025-09-10 06:58:01	1	0	1	0
      266	2025-09-10 06:59:09	1	0	1	0
      198	2025-09-10 07:00:51	1	0	1	0
      248	2025-09-10 07:07:56	1	0	1	0
      232	2025-09-10 07:09:02	1	0	1	0
      186	2025-09-10 07:10:09	1	0	1	0
      255	2025-09-10 07:11:55	1	0	1	0
      178	2025-09-10 07:12:00	1	0	1	0
      177	2025-09-10 07:12:45	1	0	1	0
      197	2025-09-10 07:14:49	1	0	1	0
      170	2025-09-10 07:14:53	1	0	1	0
      272	2025-09-10 07:15:21	1	0	1	0
      190	2025-09-10 07:16:18	1	0	1	0
      196	2025-09-10 07:16:26	1	0	1	0
      174	2025-09-10 07:17:46	1	0	1	0
      273	2025-09-10 07:18:14	1	0	1	0
      274	2025-09-10 07:18:18	1	0	1	0
      169	2025-09-10 07:20:48	1	0	1	0
      237	2025-09-10 07:20:55	1	0	1	0
      260	2025-09-10 07:22:16	1	0	1	0
      224	2025-09-10 07:22:47	1	0	1	0
      175	2025-09-10 07:22:53	1	0	1	0
      173	2025-09-10 07:23:17	1	0	1	0
      207	2025-09-10 07:23:41	1	0	1	0
      199	2025-09-10 07:23:55	1	0	1	0
      261	2025-09-10 07:23:58	1	0	1	0
      249	2025-09-10 07:24:03	1	0	1	0
      200	2025-09-10 07:24:11	1	0	1	0
      180	2025-09-10 07:24:52	1	0	1	0
      188	2025-09-10 07:25:01	1	0	1	0
      165	2025-09-10 07:25:06	1	0	1	0
      168	2025-09-10 07:25:15	1	0	1	0
      222	2025-09-10 07:25:20	1	0	1	0
      253	2025-09-10 07:25:31	1	0	1	0
      252	2025-09-10 07:25:34	1	0	1	0
      206	2025-09-10 07:25:39	1	0	1	0
      247	2025-09-10 07:26:42	1	0	1	0
      213	2025-09-10 07:26:56	1	0	1	0
      270	2025-09-10 07:27:00	1	0	1	0
      205	2025-09-10 07:27:10	1	0	1	0
      258	2025-09-10 07:27:34	1	0	1	0
      259	2025-09-10 07:27:38	1	0	1	0
      259	2025-09-10 07:27:39	1	0	1	0
      201	2025-09-10 07:27:43	1	0	1	0
      191	2025-09-10 07:27:48	1	0	1	0
      184	2025-09-10 07:27:57	1	0	1	0
      184	2025-09-10 07:27:59	1	0	1	0
      187	2025-09-10 07:28:02	1	0	1	0
      233	2025-09-10 07:29:03	1	0	1	0
      203	2025-09-10 07:29:13	1	0	1	0
      202	2025-09-10 07:29:25	1	0	1	0
      218	2025-09-10 07:29:29	1	0	1	0
      218	2025-09-10 07:29:30	1	0	1	0
      215	2025-09-10 07:29:32	1	0	1	0
      220	2025-09-10 07:29:51	1	0	1	0
      182	2025-09-10 07:30:07	1	0	1	0
      257	2025-09-10 07:30:22	1	0	1	0
      262	2025-09-10 07:31:43	1	0	1	0
      172	2025-09-10 07:31:47	1	0	1	0
      214	2025-09-10 07:31:54	1	0	1	0
      195	2025-09-10 07:32:23	1	0	1	0
      223	2025-09-10 07:32:37	1	0	1	0
      227	2025-09-10 07:32:40	1	0	1	0
      231	2025-09-10 07:32:51	1	0	1	0
      230	2025-09-10 07:32:55	1	0	1	0
      221	2025-09-10 07:34:12	1	0	1	0
      204	2025-09-10 07:34:16	1	0	1	0
      189	2025-09-10 07:34:19	1	0	1	0
      267	2025-09-10 07:34:26	1	0	1	0
      217	2025-09-10 07:35:52	1	0	1	0
      192	2025-09-10 07:36:15	1	0	1	0
      176	2025-09-10 07:36:19	1	0	1	0
      268	2025-09-10 07:36:23	1	0	1	0
      183	2025-09-10 07:36:27	1	0	1	0
      194	2025-09-10 07:36:57	1	0	1	0
      209	2025-09-10 07:37:03	1	0	1	0
      228	2025-09-10 07:39:41	1	0	1	0
      219	2025-09-10 07:40:24	1	0	1	0
      265	2025-09-10 07:49:41	1	0	1	0
