      352	2025-08-20 12:17:05	13	0	1	0
      333	2025-08-22 08:39:05	13	0	1	0
      413	2025-08-22 11:15:31	13	0	1	0
      450	2025-08-22 13:02:29	13	0	1	0
      452	2025-08-22 13:07:53	13	0	1	0
      446	2025-08-22 13:07:59	13	0	1	0
      454	2025-08-22 13:08:12	13	0	1	0
      461	2025-08-22 13:08:17	13	0	1	0
      462	2025-08-22 13:08:19	13	0	1	0
      457	2025-08-22 13:08:25	13	0	1	0
      466	2025-08-22 13:08:41	13	0	1	0
      456	2025-08-22 13:08:47	13	0	1	0
      441	2025-08-22 13:14:11	13	0	1	0
      445	2025-08-22 13:14:16	13	0	1	0
      455	2025-08-22 13:14:19	13	0	1	0
      451	2025-08-22 13:14:23	13	0	1	0
      453	2025-08-22 13:14:27	13	0	1	0
      450	2025-08-22 13:14:37	13	0	1	0
      443	2025-08-22 13:38:26	13	0	1	0
      447	2025-08-22 14:45:29	13	0	1	0
      333	2025-08-25 07:26:51	13	0	1	0
      336	2025-08-25 07:26:55	13	0	1	0
      342	2025-08-25 07:27:01	13	0	1	0
      339	2025-08-25 07:27:05	13	0	1	0
      355	2025-08-25 07:27:27	13	0	1	0
      416	2025-08-25 07:27:36	13	0	1	0
      409	2025-08-25 07:27:39	13	0	1	0
      331	2025-08-25 07:27:49	13	0	1	0
      366	2025-08-25 07:27:54	13	0	1	0
      338	2025-08-25 07:27:59	13	0	1	0
      337	2025-08-25 07:29:28	13	0	1	0
      332	2025-08-25 07:29:44	13	0	1	0
      359	2025-08-25 07:29:56	13	0	1	0
      360	2025-08-25 07:30:00	13	0	1	0
      401	2025-08-25 07:30:10	13	0	1	0
      406	2025-08-25 07:30:14	13	0	1	0
      406	2025-08-25 07:30:15	13	0	1	0
      408	2025-08-25 07:30:45	13	0	1	0
      398	2025-08-25 07:30:58	13	0	1	0
      400	2025-08-25 07:31:28	13	0	1	0
      400	2025-08-25 07:31:29	13	0	1	0
      394	2025-08-25 07:31:40	13	0	1	0
      344	2025-08-25 07:31:51	13	0	1	0
      334	2025-08-25 07:32:16	13	0	1	0
      348	2025-08-25 07:32:22	13	0	1	0
      335	2025-08-25 07:32:42	13	0	1	0
      335	2025-08-25 07:32:43	13	0	1	0
      413	2025-08-25 07:32:57	13	0	1	0
      413	2025-08-25 07:32:59	13	0	1	0
      370	2025-08-25 07:33:13	13	0	1	0
      361	2025-08-25 07:33:35	13	0	1	0
      349	2025-08-25 07:34:09	13	0	1	0
      343	2025-08-25 07:34:17	13	0	1	0
      372	2025-08-25 07:34:30	13	0	1	0
      385	2025-08-25 07:34:35	13	0	1	0
      404	2025-08-25 07:34:39	13	0	1	0
      340	2025-08-25 07:34:46	13	0	1	0
      337	2025-08-25 07:35:03	13	0	1	0
      347	2025-08-25 07:35:07	13	0	1	0
      358	2025-08-25 07:38:18	13	0	1	0
      350	2025-08-25 07:38:44	13	0	1	0
      346	2025-08-25 07:40:27	13	0	1	0
      383	2025-08-25 07:42:01	13	0	1	0
      383	2025-08-25 07:42:02	13	0	1	0
      417	2025-08-25 08:06:34	13	0	1	0
      351	2025-08-25 08:22:16	13	0	1	0
      463	2025-08-25 12:58:16	13	0	1	0
      454	2025-08-25 12:59:51	13	0	1	0
      456	2025-08-25 13:00:20	13	0	1	0
      456	2025-08-25 13:00:22	13	0	1	0
      447	2025-08-25 13:02:04	13	0	1	0
      443	2025-08-25 13:02:08	13	0	1	0
      457	2025-08-25 13:02:12	13	0	1	0
      452	2025-08-25 13:02:16	13	0	1	0
      450	2025-08-25 13:04:39	13	0	1	0
      446	2025-08-25 13:06:58	13	0	1	0
      450	2025-08-25 13:08:38	13	0	1	0
      450	2025-08-25 13:08:39	13	0	1	0
      900	2025-08-25 13:09:23	13	0	1	0
      459	2025-08-25 13:10:05	13	0	1	0
      453	2025-08-25 13:11:10	13	0	1	0
      451	2025-08-25 13:11:14	13	0	1	0
      466	2025-08-25 13:11:23	13	0	1	0
     4444	2025-08-25 13:13:23	13	0	1	0
      445	2025-08-25 13:16:34	13	0	1	0
      441	2025-08-25 13:16:38	13	0	1	0
      455	2025-08-25 13:16:40	13	0	1	0
      461	2025-08-25 13:18:57	13	0	1	0
      465	2025-08-25 13:43:37	13	0	1	0
      433	2025-08-25 13:52:36	13	0	1	0
      421	2025-08-25 16:38:23	13	0	1	0
      437	2025-08-25 16:45:23	13	0	1	0
      900	2025-08-25 16:49:14	13	0	1	0
      901	2025-08-25 16:50:06	13	0	1	0
      334	2025-08-26 07:00:20	13	0	1	0
      401	2025-08-26 07:04:50	13	0	1	0
      340	2025-08-26 07:06:16	13	0	1	0
      369	2025-08-26 07:08:14	13	0	1	0
      348	2025-08-26 07:09:51	13	0	1	0
      409	2025-08-26 07:10:49	13	0	1	0
      380	2025-08-26 07:11:39	13	0	1	0
      332	2025-08-26 07:14:25	13	0	1	0
      378	2025-08-26 07:14:37	13	0	1	0
      381	2025-08-26 07:14:39	13	0	1	0
      390	2025-08-26 07:14:51	13	0	1	0
      354	2025-08-26 07:15:34	13	0	1	0
      354	2025-08-26 07:15:35	13	0	1	0
      353	2025-08-26 07:15:38	13	0	1	0
      411	2025-08-26 07:16:12	13	0	1	0
      403	2025-08-26 07:16:41	13	0	1	0
      393	2025-08-26 07:16:56	13	0	1	0
      341	2025-08-26 07:17:07	13	0	1	0
      343	2025-08-26 07:18:46	13	0	1	0
      335	2025-08-26 07:19:37	13	0	1	0
      408	2025-08-26 07:20:40	13	0	1	0
      386	2025-08-26 07:21:01	13	0	1	0
      391	2025-08-26 07:22:00	13	0	1	0
      391	2025-08-26 07:22:01	13	0	1	0
      371	2025-08-26 07:22:15	13	0	1	0
      358	2025-08-26 07:22:47	13	0	1	0
      370	2025-08-26 07:22:58	13	0	1	0
      407	2025-08-26 07:23:04	13	0	1	0
      404	2025-08-26 07:23:19	13	0	1	0
      416	2025-08-26 07:23:28	13	0	1	0
      352	2025-08-26 07:23:34	13	0	1	0
      336	2025-08-26 07:23:55	13	0	1	0
      333	2025-08-26 07:23:58	13	0	1	0
      385	2025-08-26 07:24:02	13	0	1	0
      356	2025-08-26 07:24:50	13	0	1	0
      406	2025-08-26 07:25:06	13	0	1	0
      342	2025-08-26 07:25:17	13	0	1	0
      355	2025-08-26 07:26:34	13	0	1	0
      389	2025-08-26 07:26:39	13	0	1	0
      387	2025-08-26 07:26:53	13	0	1	0
      387	2025-08-26 07:26:54	13	0	1	0
      359	2025-08-26 07:27:28	13	0	1	0
      405	2025-08-26 07:27:45	13	0	1	0
      405	2025-08-26 07:27:46	13	0	1	0
      394	2025-08-26 07:28:21	13	0	1	0
      396	2025-08-26 07:28:43	13	0	1	0
      344	2025-08-26 07:28:51	13	0	1	0
      413	2025-08-26 07:29:06	13	0	1	0
      338	2025-08-26 07:30:34	13	0	1	0
      398	2025-08-26 07:30:53	13	0	1	0
      331	2025-08-26 07:30:57	13	0	1	0
      360	2025-08-26 07:31:05	13	0	1	0
      372	2025-08-26 07:32:08	13	0	1	0
      339	2025-08-26 07:34:38	13	0	1	0
      400	2025-08-26 07:34:46	13	0	1	0
      351	2025-08-26 07:37:03	13	0	1	0
      350	2025-08-26 07:37:51	13	0	1	0
      361	2025-08-26 07:39:09	13	0	1	0
      349	2025-08-26 07:39:19	13	0	1	0
      417	2025-08-26 07:41:56	13	0	1	0
      383	2025-08-26 07:42:59	13	0	1	0
      463	2025-08-26 12:57:32	13	0	1	0
      453	2025-08-26 12:57:35	13	0	1	0
      451	2025-08-26 12:57:38	13	0	1	0
      450	2025-08-26 12:57:48	13	0	1	0
      452	2025-08-26 12:57:51	13	0	1	0
      446	2025-08-26 12:57:54	13	0	1	0
      420	2025-08-26 12:58:50	13	0	1	0
      434	2025-08-26 12:58:53	13	0	1	0
      447	2025-08-26 12:59:50	13	0	1	0
      443	2025-08-26 12:59:51	13	0	1	0
      443	2025-08-26 12:59:52	13	0	1	0
      377	2025-08-26 13:00:02	13	0	1	0
      382	2025-08-26 13:00:19	13	0	1	0
      466	2025-08-26 13:01:45	13	0	1	0
      466	2025-08-26 13:01:47	13	0	1	0
      457	2025-08-26 13:02:01	13	0	1	0
      454	2025-08-26 13:02:54	13	0	1	0
      455	2025-08-26 13:03:54	13	0	1	0
      429	2025-08-26 13:03:56	13	0	1	0
      459	2025-08-26 13:04:23	13	0	1	0
      422	2025-08-26 13:04:28	13	0	1	0
      431	2025-08-26 13:07:11	13	0	1	0
      436	2025-08-26 13:08:25	13	0	1	0
      437	2025-08-26 13:09:45	13	0	1	0
      900	2025-08-26 13:11:06	13	0	1	0
      456	2025-08-26 13:11:33	13	0	1	0
      441	2025-08-26 13:11:36	13	0	1	0
      419	2025-08-26 13:12:27	13	0	1	0
      450	2025-08-26 13:13:53	13	0	1	0
      440	2025-08-26 13:14:08	13	0	1	0
      421	2025-08-26 13:14:53	13	0	1	0
      433	2025-08-26 13:21:13	13	0	1	0
      438	2025-08-26 13:22:15	13	0	1	0
      418	2025-08-26 13:25:29	13	0	1	0
      424	2025-08-26 13:31:47	13	0	1	0
      445	2025-08-26 13:40:00	13	0	1	0
      427	2025-08-26 13:40:29	13	0	1	0
      464	2025-08-26 13:43:46	13	0	1	0
      425	2025-08-26 17:22:58	13	0	1	0
      382	2025-08-27 07:06:25	13	0	1	0
      340	2025-08-27 07:07:36	13	0	1	0
      391	2025-08-27 07:12:32	13	0	1	0
      332	2025-08-27 07:12:47	13	0	1	0
      401	2025-08-27 07:14:16	13	0	1	0
      343	2025-08-27 07:14:57	13	0	1	0
      331	2025-08-27 07:15:53	13	0	1	0
      335	2025-08-27 07:16:23	13	0	1	0
      357	2025-08-27 07:18:30	13	0	1	0
      390	2025-08-27 07:19:18	13	0	1	0
      336	2025-08-27 07:19:22	13	0	1	0
      378	2025-08-27 07:19:35	13	0	1	0
      381	2025-08-27 07:19:39	13	0	1	0
      389	2025-08-27 07:20:09	13	0	1	0
      355	2025-08-27 07:21:04	13	0	1	0
      349	2025-08-27 07:21:14	13	0	1	0
      393	2025-08-27 07:21:19	13	0	1	0
      380	2025-08-27 07:21:23	13	0	1	0
      341	2025-08-27 07:22:05	13	0	1	0
      354	2025-08-27 07:22:19	13	0	1	0
      396	2025-08-27 07:22:39	13	0	1	0
      416	2025-08-27 07:22:56	13	0	1	0
      387	2025-08-27 07:23:46	13	0	1	0
      404	2025-08-27 07:24:22	13	0	1	0
      398	2025-08-27 07:24:40	13	0	1	0
      352	2025-08-27 07:24:43	13	0	1	0
      360	2025-08-27 07:24:45	13	0	1	0
      406	2025-08-27 07:25:08	13	0	1	0
      377	2025-08-27 07:25:35	13	0	1	0
      333	2025-08-27 07:25:38	13	0	1	0
      372	2025-08-27 07:25:43	13	0	1	0
      385	2025-08-27 07:25:46	13	0	1	0
      411	2025-08-27 07:26:45	13	0	1	0
      408	2025-08-27 07:28:05	13	0	1	0
      394	2025-08-27 07:28:21	13	0	1	0
      356	2025-08-27 07:28:48	13	0	1	0
      344	2025-08-27 07:28:57	13	0	1	0
      361	2025-08-27 07:30:36	13	0	1	0
      366	2025-08-27 07:30:43	13	0	1	0
      337	2025-08-27 07:31:15	13	0	1	0
      345	2025-08-27 07:31:21	13	0	1	0
      339	2025-08-27 07:31:39	13	0	1	0
      370	2025-08-27 07:32:43	13	0	1	0
      402	2025-08-27 07:33:04	13	0	1	0
      358	2025-08-27 07:33:29	13	0	1	0
      400	2025-08-27 07:34:21	13	0	1	0
      365	2025-08-27 07:34:50	13	0	1	0
      342	2025-08-27 07:36:10	13	0	1	0
      399	2025-08-27 07:39:36	13	0	1	0
      383	2025-08-27 07:40:13	13	0	1	0
      346	2025-08-27 07:59:24	13	0	1	0
      351	2025-08-27 08:01:37	13	0	1	0
      407	2025-08-27 08:04:01	13	0	1	0
      420	2025-08-27 12:53:24	13	0	1	0
      434	2025-08-27 12:53:28	13	0	1	0
      461	2025-08-27 12:53:49	13	0	1	0
      446	2025-08-27 12:53:56	13	0	1	0
      450	2025-08-27 12:57:19	13	0	1	0
      454	2025-08-27 12:58:25	13	0	1	0
      463	2025-08-27 12:58:41	13	0	1	0
      453	2025-08-27 12:59:00	13	0	1	0
      451	2025-08-27 12:59:03	13	0	1	0
      451	2025-08-27 12:59:04	13	0	1	0
      466	2025-08-27 12:59:20	13	0	1	0
      466	2025-08-27 12:59:21	13	0	1	0
      445	2025-08-27 13:01:28	13	0	1	0
      450	2025-08-27 13:02:54	13	0	1	0
      452	2025-08-27 13:03:40	13	0	1	0
      457	2025-08-27 13:03:47	13	0	1	0
      901	2025-08-27 13:06:14	13	0	1	0
      433	2025-08-27 13:06:29	13	0	1	0
      433	2025-08-27 13:06:30	13	0	1	0
      422	2025-08-27 13:07:13	13	0	1	0
      900	2025-08-27 13:07:57	13	0	1	0
      441	2025-08-27 13:08:08	13	0	1	0
      455	2025-08-27 13:08:12	13	0	1	0
      443	2025-08-27 13:08:46	13	0	1	0
      443	2025-08-27 13:08:47	13	0	1	0
      447	2025-08-27 13:08:50	13	0	1	0
      419	2025-08-27 13:10:11	13	0	1	0
      456	2025-08-27 13:11:04	13	0	1	0
      439	2025-08-27 13:11:16	13	0	1	0
      439	2025-08-27 13:11:17	13	0	1	0
      421	2025-08-27 13:11:28	13	0	1	0
      430	2025-08-27 13:12:01	13	0	1	0
      432	2025-08-27 13:12:05	13	0	1	0
      425	2025-08-27 13:12:09	13	0	1	0
      427	2025-08-27 13:13:13	13	0	1	0
      459	2025-08-27 13:16:11	13	0	1	0
      426	2025-08-27 13:24:41	13	0	1	0
      424	2025-08-27 13:30:38	13	0	1	0
      462	2025-08-27 13:47:05	13	0	1	0
      462	2025-08-27 13:47:06	13	0	1	0
      438	2025-08-27 13:47:57	13	0	1	0
      438	2025-08-27 13:47:59	13	0	1	0
      354	2025-08-28 07:09:58	13	0	1	0
      340	2025-08-28 07:10:01	13	0	1	0
      369	2025-08-28 07:10:46	13	0	1	0
      409	2025-08-28 07:12:25	13	0	1	0
      335	2025-08-28 07:12:44	13	0	1	0
      355	2025-08-28 07:14:40	13	0	1	0
      371	2025-08-28 07:14:45	13	0	1	0
      371	2025-08-28 07:14:46	13	0	1	0
      353	2025-08-28 07:15:41	13	0	1	0
      407	2025-08-28 07:15:49	13	0	1	0
      351	2025-08-28 07:16:04	13	0	1	0
      332	2025-08-28 07:16:07	13	0	1	0
      341	2025-08-28 07:16:40	13	0	1	0
      380	2025-08-28 07:16:54	13	0	1	0
      381	2025-08-28 07:17:32	13	0	1	0
      378	2025-08-28 07:17:35	13	0	1	0
      349	2025-08-28 07:18:22	13	0	1	0
      377	2025-08-28 07:18:49	13	0	1	0
      336	2025-08-28 07:19:41	13	0	1	0
      339	2025-08-28 07:19:44	13	0	1	0
      333	2025-08-28 07:20:17	13	0	1	0
      352	2025-08-28 07:21:07	13	0	1	0
      390	2025-08-28 07:21:13	13	0	1	0
      356	2025-08-28 07:21:22	13	0	1	0
      331	2025-08-28 07:21:46	13	0	1	0
      338	2025-08-28 07:22:13	13	0	1	0
      343	2025-08-28 07:22:46	13	0	1	0
      389	2025-08-28 07:23:06	13	0	1	0
      408	2025-08-28 07:23:53	13	0	1	0
      414	2025-08-28 07:24:15	13	0	1	0
      360	2025-08-28 07:24:23	13	0	1	0
      337	2025-08-28 07:24:52	13	0	1	0
      403	2025-08-28 07:24:59	13	0	1	0
      366	2025-08-28 07:25:06	13	0	1	0
      391	2025-08-28 07:25:09	13	0	1	0
      348	2025-08-28 07:25:15	13	0	1	0
      358	2025-08-28 07:26:17	13	0	1	0
      344	2025-08-28 07:26:20	13	0	1	0
      387	2025-08-28 07:27:55	13	0	1	0
      411	2025-08-28 07:28:01	13	0	1	0
      406	2025-08-28 07:28:05	13	0	1	0
      370	2025-08-28 07:28:59	13	0	1	0
      396	2025-08-28 07:30:05	13	0	1	0
      359	2025-08-28 07:30:22	13	0	1	0
      413	2025-08-28 07:30:48	13	0	1	0
      404	2025-08-28 07:31:24	13	0	1	0
      394	2025-08-28 07:31:45	13	0	1	0
      345	2025-08-28 07:31:48	13	0	1	0
      416	2025-08-28 07:32:02	13	0	1	0
      361	2025-08-28 07:33:20	13	0	1	0
      350	2025-08-28 07:34:16	13	0	1	0
      400	2025-08-28 07:34:33	13	0	1	0
      342	2025-08-28 07:34:58	13	0	1	0
      410	2025-08-28 07:35:25	13	0	1	0
      383	2025-08-28 07:38:58	13	0	1	0
      372	2025-08-28 07:40:38	13	0	1	0
      372	2025-08-28 07:40:39	13	0	1	0
      385	2025-08-28 07:40:44	13	0	1	0
      405	2025-08-28 07:42:54	13	0	1	0
      405	2025-08-28 07:42:55	13	0	1	0
      401	2025-08-28 09:03:56	13	0	1	0
      461	2025-08-28 12:58:32	13	0	1	0
      454	2025-08-28 12:58:49	13	0	1	0
      446	2025-08-28 12:58:52	13	0	1	0
      443	2025-08-28 12:58:55	13	0	1	0
      430	2025-08-28 12:58:59	13	0	1	0
      451	2025-08-28 12:59:02	13	0	1	0
      462	2025-08-28 12:59:07	13	0	1	0
      449	2025-08-28 12:59:13	13	0	1	0
      466	2025-08-28 12:59:32	13	0	1	0
      429	2025-08-28 12:59:50	13	0	1	0
      901	2025-08-28 12:59:57	13	0	1	0
      452	2025-08-28 13:00:07	13	0	1	0
      453	2025-08-28 13:00:27	13	0	1	0
     4444	2025-08-28 13:01:23	13	0	1	0
      463	2025-08-28 13:01:40	13	0	1	0
      465	2025-08-28 13:02:57	13	0	1	0
      455	2025-08-28 13:03:02	13	0	1	0
      465	2025-08-28 13:03:04	13	0	1	0
      441	2025-08-28 13:04:17	13	0	1	0
      436	2025-08-28 13:05:18	13	0	1	0
      436	2025-08-28 13:05:19	13	0	1	0
      445	2025-08-28 13:06:43	13	0	1	0
      437	2025-08-28 13:07:01	13	0	1	0
      432	2025-08-28 13:07:08	13	0	1	0
      421	2025-08-28 13:08:05	13	0	1	0
      422	2025-08-28 13:08:21	13	0	1	0
      426	2025-08-28 13:09:24	13	0	1	0
      422	2025-08-28 13:11:49	13	0	1	0
      419	2025-08-28 13:12:17	13	0	1	0
      900	2025-08-28 13:12:44	13	0	1	0
      456	2025-08-28 13:13:01	13	0	1	0
      450	2025-08-28 13:14:54	13	0	1	0
      439	2025-08-28 13:15:02	13	0	1	0
      439	2025-08-28 13:15:03	13	0	1	0
      427	2025-08-28 13:15:23	13	0	1	0
      433	2025-08-28 13:19:09	13	0	1	0
      440	2025-08-28 13:21:19	13	0	1	0
      421	2025-08-28 13:23:10	13	0	1	0
      424	2025-08-28 13:31:26	13	0	1	0
      438	2025-08-28 13:40:27	13	0	1	0
      409	2025-08-29 07:01:03	13	0	1	0
      353	2025-08-29 07:05:37	13	0	1	0
      334	2025-08-29 07:07:01	13	0	1	0
      354	2025-08-29 07:07:16	13	0	1	0
      355	2025-08-29 07:08:33	13	0	1	0
      335	2025-08-29 07:09:20	13	0	1	0
      371	2025-08-29 07:10:35	13	0	1	0
      332	2025-08-29 07:13:37	13	0	1	0
      391	2025-08-29 07:16:07	13	0	1	0
      342	2025-08-29 07:16:12	13	0	1	0
      371	2025-08-29 07:16:28	13	0	1	0
      369	2025-08-29 07:16:32	13	0	1	0
      371	2025-08-29 07:16:37	13	0	1	0
      343	2025-08-29 07:16:39	13	0	1	0
      357	2025-08-29 07:17:35	13	0	1	0
      337	2025-08-29 07:18:13	13	0	1	0
      414	2025-08-29 07:18:16	13	0	1	0
      407	2025-08-29 07:18:18	13	0	1	0
      361	2025-08-29 07:18:22	13	0	1	0
      341	2025-08-29 07:18:35	13	0	1	0
      380	2025-08-29 07:18:48	13	0	1	0
      403	2025-08-29 07:19:15	13	0	1	0
      390	2025-08-29 07:20:27	13	0	1	0
      344	2025-08-29 07:20:48	13	0	1	0
      378	2025-08-29 07:21:56	13	0	1	0
      377	2025-08-29 07:22:00	13	0	1	0
      336	2025-08-29 07:22:04	13	0	1	0
      348	2025-08-29 07:22:07	13	0	1	0
      333	2025-08-29 07:22:41	13	0	1	0
      398	2025-08-29 07:24:19	13	0	1	0
      408	2025-08-29 07:24:21	13	0	1	0
      416	2025-08-29 07:25:03	13	0	1	0
      389	2025-08-29 07:26:05	13	0	1	0
      396	2025-08-29 07:27:26	13	0	1	0
      338	2025-08-29 07:27:52	13	0	1	0
      339	2025-08-29 07:28:04	13	0	1	0
      379	2025-08-29 07:28:23	13	0	1	0
      387	2025-08-29 07:28:33	13	0	1	0
      358	2025-08-29 07:30:21	13	0	1	0
      406	2025-08-29 07:30:57	13	0	1	0
      366	2025-08-29 07:31:00	13	0	1	0
      340	2025-08-29 07:31:06	13	0	1	0
      411	2025-08-29 07:31:09	13	0	1	0
      384	2025-08-29 07:31:13	13	0	1	0
      394	2025-08-29 07:31:16	13	0	1	0
      345	2025-08-29 07:31:20	13	0	1	0
      413	2025-08-29 07:31:36	13	0	1	0
      404	2025-08-29 07:31:45	13	0	1	0
      331	2025-08-29 07:33:39	13	0	1	0
      405	2025-08-29 07:33:42	13	0	1	0
      372	2025-08-29 07:33:57	13	0	1	0
      349	2025-08-29 07:34:23	13	0	1	0
      360	2025-08-29 07:36:05	13	0	1	0
      356	2025-08-29 07:36:32	13	0	1	0
      400	2025-08-29 07:37:31	13	0	1	0
      370	2025-08-29 07:38:07	13	0	1	0
      350	2025-08-29 07:42:17	13	0	1	0
      383	2025-08-29 07:43:15	13	0	1	0
      385	2025-08-29 07:43:23	13	0	1	0
      351	2025-08-29 07:46:29	13	0	1	0
      380	2025-08-29 12:54:52	13	0	1	0
      454	2025-08-29 12:57:35	13	0	1	0
      461	2025-08-29 12:57:43	13	0	1	0
      452	2025-08-29 12:57:44	13	0	1	0
      447	2025-08-29 12:58:08	13	0	1	0
      451	2025-08-29 12:58:11	13	0	1	0
      455	2025-08-29 12:59:02	13	0	1	0
      443	2025-08-29 12:59:06	13	0	1	0
      445	2025-08-29 12:59:18	13	0	1	0
      429	2025-08-29 12:59:51	13	0	1	0
      429	2025-08-29 12:59:52	13	0	1	0
      453	2025-08-29 13:00:29	13	0	1	0
      436	2025-08-29 13:01:10	13	0	1	0
      419	2025-08-29 13:01:13	13	0	1	0
      425	2025-08-29 13:01:19	13	0	1	0
      457	2025-08-29 13:01:32	13	0	1	0
      466	2025-08-29 13:01:37	13	0	1	0
      465	2025-08-29 13:04:41	13	0	1	0
      465	2025-08-29 13:04:42	13	0	1	0
      420	2025-08-29 13:08:13	13	0	1	0
      422	2025-08-29 13:09:50	13	0	1	0
      901	2025-08-29 13:09:56	13	0	1	0
      431	2025-08-29 13:10:46	13	0	1	0
      450	2025-08-29 13:11:13	13	0	1	0
      439	2025-08-29 13:11:40	13	0	1	0
      439	2025-08-29 13:11:41	13	0	1	0
     4444	2025-08-29 13:12:26	13	0	1	0
      456	2025-08-29 13:15:16	13	0	1	0
      440	2025-08-29 13:18:09	13	0	1	0
      900	2025-08-29 13:19:40	13	0	1	0
      434	2025-08-29 13:23:07	13	0	1	0
      418	2025-08-29 13:28:47	13	0	1	0
      433	2025-08-29 13:30:17	13	0	1	0
      424	2025-08-29 13:33:37	13	0	1	0
      441	2025-08-29 13:33:54	13	0	1	0
      427	2025-08-29 13:46:04	13	0	1	0
      459	2025-08-29 13:48:55	13	0	1	0
      438	2025-08-29 14:02:32	13	0	1	0
      371	2025-09-01 07:27:08	13	0	1	0
      371	2025-09-01 07:27:09	13	0	1	0
      398	2025-09-01 07:27:14	13	0	1	0
      410	2025-09-01 07:27:36	13	0	1	0
      343	2025-09-01 07:28:00	13	0	1	0
      344	2025-09-01 07:28:03	13	0	1	0
      408	2025-09-01 07:28:24	13	0	1	0
      332	2025-09-01 07:28:32	13	0	1	0
      409	2025-09-01 07:28:36	13	0	1	0
      340	2025-09-01 07:28:41	13	0	1	0
      348	2025-09-01 07:28:47	13	0	1	0
      335	2025-09-01 07:28:50	13	0	1	0
      355	2025-09-01 07:29:13	13	0	1	0
      365	2025-09-01 07:29:18	13	0	1	0
      370	2025-09-01 07:29:21	13	0	1	0
      407	2025-09-01 07:29:23	13	0	1	0
      401	2025-09-01 07:29:26	13	0	1	0
      380	2025-09-01 07:29:46	13	0	1	0
      398	2025-09-01 07:29:52	13	0	1	0
      351	2025-09-01 07:29:55	13	0	1	0
      406	2025-09-01 07:30:34	13	0	1	0
      346	2025-09-01 07:31:00	13	0	1	0
      345	2025-09-01 07:31:23	13	0	1	0
      339	2025-09-01 07:31:26	13	0	1	0
      400	2025-09-01 07:31:44	13	0	1	0
      389	2025-09-01 07:32:18	13	0	1	0
      337	2025-09-01 07:33:12	13	0	1	0
      394	2025-09-01 07:33:33	13	0	1	0
      359	2025-09-01 07:33:37	13	0	1	0
      331	2025-09-01 07:33:41	13	0	1	0
      360	2025-09-01 07:33:52	13	0	1	0
      404	2025-09-01 07:36:06	13	0	1	0
      349	2025-09-01 07:36:46	13	0	1	0
      383	2025-09-01 07:37:06	13	0	1	0
      358	2025-09-01 07:37:13	13	0	1	0
      451	2025-09-01 12:41:48	13	0	1	0
      450	2025-09-01 12:54:31	13	0	1	0
      452	2025-09-01 12:54:37	13	0	1	0
      454	2025-09-01 12:55:00	13	0	1	0
      446	2025-09-01 12:55:07	13	0	1	0
      461	2025-09-01 12:55:12	13	0	1	0
      434	2025-09-01 12:57:29	13	0	1	0
      430	2025-09-01 12:57:47	13	0	1	0
      453	2025-09-01 12:58:10	13	0	1	0
      466	2025-09-01 12:58:40	13	0	1	0
      429	2025-09-01 12:59:59	13	0	1	0
      429	2025-09-01 13:00:00	13	0	1	0
      449	2025-09-01 13:00:42	13	0	1	0
      447	2025-09-01 13:01:51	13	0	1	0
      443	2025-09-01 13:01:54	13	0	1	0
      443	2025-09-01 13:01:55	13	0	1	0
      455	2025-09-01 13:03:34	13	0	1	0
      419	2025-09-01 13:04:27	13	0	1	0
      463	2025-09-01 13:04:57	13	0	1	0
      456	2025-09-01 13:06:50	13	0	1	0
      900	2025-09-01 13:08:50	13	0	1	0
      421	2025-09-01 13:08:53	13	0	1	0
      437	2025-09-01 13:10:10	13	0	1	0
      445	2025-09-01 13:10:33	13	0	1	0
      431	2025-09-01 13:10:54	13	0	1	0
      420	2025-09-01 13:11:38	13	0	1	0
      426	2025-09-01 13:11:42	13	0	1	0
      459	2025-09-01 13:11:46	13	0	1	0
      427	2025-09-01 13:16:47	13	0	1	0
      440	2025-09-01 13:17:54	13	0	1	0
      441	2025-09-01 13:18:16	13	0	1	0
      450	2025-09-01 13:18:34	13	0	1	0
      422	2025-09-01 13:19:15	13	0	1	0
      418	2025-09-01 13:25:34	13	0	1	0
      457	2025-09-01 13:31:56	13	0	1	0
      424	2025-09-01 13:34:43	13	0	1	0
      436	2025-09-01 13:46:04	13	0	1	0
      433	2025-09-01 13:58:43	13	0	1	0
      354	2025-09-02 07:00:58	13	0	1	0
      340	2025-09-02 07:07:52	13	0	1	0
      348	2025-09-02 07:08:46	13	0	1	0
      369	2025-09-02 07:13:41	13	0	1	0
      353	2025-09-02 07:14:13	13	0	1	0
      353	2025-09-02 07:14:14	13	0	1	0
      341	2025-09-02 07:16:04	13	0	1	0
      371	2025-09-02 07:16:34	13	0	1	0
      372	2025-09-02 07:17:23	13	0	1	0
      385	2025-09-02 07:17:26	13	0	1	0
      355	2025-09-02 07:18:11	13	0	1	0
      337	2025-09-02 07:18:45	13	0	1	0
      366	2025-09-02 07:19:01	13	0	1	0
      332	2025-09-02 07:19:04	13	0	1	0
      381	2025-09-02 07:19:21	13	0	1	0
      378	2025-09-02 07:19:24	13	0	1	0
      334	2025-09-02 07:19:31	13	0	1	0
      416	2025-09-02 07:19:42	13	0	1	0
      336	2025-09-02 07:19:57	13	0	1	0
      410	2025-09-02 07:20:27	13	0	1	0
      407	2025-09-02 07:21:46	13	0	1	0
      352	2025-09-02 07:21:54	13	0	1	0
      411	2025-09-02 07:22:08	13	0	1	0
      404	2025-09-02 07:22:44	13	0	1	0
      404	2025-09-02 07:22:46	13	0	1	0
      380	2025-09-02 07:23:40	13	0	1	0
      390	2025-09-02 07:24:17	13	0	1	0
      335	2025-09-02 07:24:53	13	0	1	0
      377	2025-09-02 07:24:59	13	0	1	0
      333	2025-09-02 07:25:10	13	0	1	0
      387	2025-09-02 07:25:13	13	0	1	0
      389	2025-09-02 07:26:11	13	0	1	0
      344	2025-09-02 07:26:21	13	0	1	0
      406	2025-09-02 07:26:55	13	0	1	0
      331	2025-09-02 07:27:28	13	0	1	0
      349	2025-09-02 07:27:58	13	0	1	0
      361	2025-09-02 07:28:18	13	0	1	0
      400	2025-09-02 07:28:55	13	0	1	0
      398	2025-09-02 07:29:04	13	0	1	0
      394	2025-09-02 07:29:08	13	0	1	0
      396	2025-09-02 07:29:43	13	0	1	0
      408	2025-09-02 07:30:11	13	0	1	0
      351	2025-09-02 07:30:16	13	0	1	0
      413	2025-09-02 07:30:20	13	0	1	0
      413	2025-09-02 07:30:21	13	0	1	0
      401	2025-09-02 07:30:30	13	0	1	0
      358	2025-09-02 07:30:45	13	0	1	0
      356	2025-09-02 07:31:59	13	0	1	0
      370	2025-09-02 07:32:32	13	0	1	0
      338	2025-09-02 07:32:45	13	0	1	0
      339	2025-09-02 07:32:51	13	0	1	0
      346	2025-09-02 07:33:50	13	0	1	0
      392	2025-09-02 07:33:54	13	0	1	0
      345	2025-09-02 07:34:14	13	0	1	0
      365	2025-09-02 07:35:18	13	0	1	0
      405	2025-09-02 07:35:48	13	0	1	0
      343	2025-09-02 07:36:45	13	0	1	0
      343	2025-09-02 07:36:46	13	0	1	0
      350	2025-09-02 07:36:51	13	0	1	0
      357	2025-09-02 07:39:20	13	0	1	0
      383	2025-09-02 07:39:34	13	0	1	0
      383	2025-09-02 07:39:36	13	0	1	0
      450	2025-09-02 12:50:08	13	0	1	0
      420	2025-09-02 12:55:48	13	0	1	0
      420	2025-09-02 12:55:49	13	0	1	0
      434	2025-09-02 12:56:00	13	0	1	0
      434	2025-09-02 12:56:01	13	0	1	0
      434	2025-09-02 12:56:02	13	0	1	0
      451	2025-09-02 12:57:55	13	0	1	0
      453	2025-09-02 12:58:08	13	0	1	0
      452	2025-09-02 12:58:11	13	0	1	0
      454	2025-09-02 12:58:28	13	0	1	0
      901	2025-09-02 12:58:35	13	0	1	0
      463	2025-09-02 12:59:11	13	0	1	0
      430	2025-09-02 12:59:31	13	0	1	0
      436	2025-09-02 12:59:34	13	0	1	0
      429	2025-09-02 13:00:05	13	0	1	0
      429	2025-09-02 13:00:06	13	0	1	0
      421	2025-09-02 13:00:13	13	0	1	0
      461	2025-09-02 13:00:14	13	0	1	0
      466	2025-09-02 13:01:14	13	0	1	0
      457	2025-09-02 13:01:20	13	0	1	0
      437	2025-09-02 13:04:31	13	0	1	0
      446	2025-09-02 13:06:28	13	0	1	0
     4444	2025-09-02 13:08:13	13	0	1	0
      439	2025-09-02 13:08:25	13	0	1	0
      439	2025-09-02 13:08:26	13	0	1	0
      426	2025-09-02 13:08:46	13	0	1	0
      900	2025-09-02 13:09:22	13	0	1	0
      432	2025-09-02 13:09:43	13	0	1	0
      425	2025-09-02 13:09:49	13	0	1	0
      445	2025-09-02 13:12:59	13	0	1	0
      450	2025-09-02 13:14:24	13	0	1	0
      422	2025-09-02 13:15:55	13	0	1	0
      441	2025-09-02 13:17:15	13	0	1	0
      456	2025-09-02 13:19:27	13	0	1	0
      418	2025-09-02 13:20:21	13	0	1	0
      433	2025-09-02 13:20:26	13	0	1	0
      433	2025-09-02 13:20:27	13	0	1	0
      459	2025-09-02 13:22:21	13	0	1	0
      440	2025-09-02 13:25:34	13	0	1	0
      438	2025-09-02 13:31:36	13	0	1	0
      424	2025-09-02 13:31:39	13	0	1	0
      427	2025-09-02 13:31:45	13	0	1	0
      443	2025-09-02 13:57:21	13	0	1	0
      447	2025-09-02 13:57:25	13	0	1	0
      340	2025-09-03 07:05:19	13	0	1	0
      371	2025-09-03 07:06:59	13	0	1	0
      348	2025-09-03 07:07:09	13	0	1	0
      335	2025-09-03 07:13:05	13	0	1	0
      407	2025-09-03 07:13:10	13	0	1	0
      369	2025-09-03 07:14:25	13	0	1	0
      355	2025-09-03 07:15:01	13	0	1	0
      416	2025-09-03 07:16:07	13	0	1	0
      381	2025-09-03 07:16:11	13	0	1	0
      349	2025-09-03 07:17:21	13	0	1	0
      349	2025-09-03 07:17:22	13	0	1	0
      353	2025-09-03 07:17:52	13	0	1	0
      378	2025-09-03 07:18:22	13	0	1	0
      332	2025-09-03 07:18:27	13	0	1	0
      343	2025-09-03 07:18:36	13	0	1	0
      414	2025-09-03 07:19:03	13	0	1	0
      354	2025-09-03 07:19:06	13	0	1	0
      366	2025-09-03 07:20:36	13	0	1	0
      390	2025-09-03 07:21:56	13	0	1	0
      357	2025-09-03 07:22:38	13	0	1	0
      389	2025-09-03 07:23:13	13	0	1	0
      380	2025-09-03 07:23:39	13	0	1	0
      342	2025-09-03 07:24:47	13	0	1	0
      379	2025-09-03 07:25:02	13	0	1	0
      377	2025-09-03 07:25:06	13	0	1	0
      333	2025-09-03 07:25:08	13	0	1	0
      336	2025-09-03 07:25:10	13	0	1	0
      352	2025-09-03 07:25:16	13	0	1	0
      408	2025-09-03 07:25:25	13	0	1	0
      372	2025-09-03 07:26:05	13	0	1	0
      385	2025-09-03 07:26:09	13	0	1	0
      410	2025-09-03 07:26:30	13	0	1	0
      384	2025-09-03 07:26:41	13	0	1	0
      386	2025-09-03 07:26:47	13	0	1	0
      406	2025-09-03 07:27:22	13	0	1	0
      398	2025-09-03 07:27:27	13	0	1	0
      399	2025-09-03 07:27:29	13	0	1	0
      411	2025-09-03 07:27:41	13	0	1	0
      338	2025-09-03 07:28:08	13	0	1	0
      365	2025-09-03 07:28:21	13	0	1	0
      387	2025-09-03 07:28:50	13	0	1	0
      404	2025-09-03 07:28:55	13	0	1	0
      396	2025-09-03 07:29:54	13	0	1	0
      360	2025-09-03 07:29:58	13	0	1	0
      400	2025-09-03 07:30:39	13	0	1	0
      339	2025-09-03 07:31:25	13	0	1	0
      358	2025-09-03 07:31:43	13	0	1	0
      394	2025-09-03 07:31:47	13	0	1	0
      344	2025-09-03 07:32:15	13	0	1	0
      413	2025-09-03 07:33:19	13	0	1	0
      392	2025-09-03 07:33:39	13	0	1	0
      345	2025-09-03 07:34:07	13	0	1	0
      331	2025-09-03 07:36:48	13	0	1	0
      370	2025-09-03 07:38:59	13	0	1	0
      361	2025-09-03 07:39:14	13	0	1	0
      350	2025-09-03 07:41:59	13	0	1	0
      334	2025-09-03 07:42:00	13	0	1	0
      383	2025-09-03 07:47:59	13	0	1	0
      383	2025-09-03 07:48:01	13	0	1	0
      351	2025-09-03 07:58:19	13	0	1	0
      417	2025-09-03 08:02:44	13	0	1	0
      451	2025-09-03 12:57:34	13	0	1	0
      453	2025-09-03 12:57:37	13	0	1	0
      454	2025-09-03 12:57:46	13	0	1	0
      463	2025-09-03 12:57:50	13	0	1	0
      450	2025-09-03 12:57:55	13	0	1	0
      452	2025-09-03 12:57:56	13	0	1	0
      455	2025-09-03 13:00:24	13	0	1	0
      445	2025-09-03 13:00:28	13	0	1	0
      443	2025-09-03 13:00:31	13	0	1	0
      465	2025-09-03 13:00:34	13	0	1	0
      429	2025-09-03 13:00:35	13	0	1	0
      366	2025-09-03 13:01:04	13	0	1	0
      466	2025-09-03 13:01:24	13	0	1	0
      457	2025-09-03 13:01:26	13	0	1	0
      420	2025-09-03 13:01:30	13	0	1	0
     4444	2025-09-03 13:01:33	13	0	1	0
      461	2025-09-03 13:01:50	13	0	1	0
      446	2025-09-03 13:01:53	13	0	1	0
      426	2025-09-03 13:02:17	13	0	1	0
      441	2025-09-03 13:03:27	13	0	1	0
      430	2025-09-03 13:03:56	13	0	1	0
      425	2025-09-03 13:03:59	13	0	1	0
      459	2025-09-03 13:04:36	13	0	1	0
      436	2025-09-03 13:04:50	13	0	1	0
      447	2025-09-03 13:05:37	13	0	1	0
      421	2025-09-03 13:09:20	13	0	1	0
      439	2025-09-03 13:09:37	13	0	1	0
      419	2025-09-03 13:10:03	13	0	1	0
      437	2025-09-03 13:10:07	13	0	1	0
      432	2025-09-03 13:10:18	13	0	1	0
      456	2025-09-03 13:10:34	13	0	1	0
      433	2025-09-03 13:10:44	13	0	1	0
      900	2025-09-03 13:12:47	13	0	1	0
      422	2025-09-03 13:12:55	13	0	1	0
      431	2025-09-03 13:13:00	13	0	1	0
      450	2025-09-03 13:13:21	13	0	1	0
      440	2025-09-03 13:21:05	13	0	1	0
      424	2025-09-03 13:33:09	13	0	1	0
      438	2025-09-03 13:33:13	13	0	1	0
      409	2025-09-04 06:57:09	13	0	1	0
      349	2025-09-04 07:02:34	13	0	1	0
      349	2025-09-04 07:02:35	13	0	1	0
      340	2025-09-04 07:05:22	13	0	1	0
      353	2025-09-04 07:05:31	13	0	1	0
      401	2025-09-04 07:05:51	13	0	1	0
      332	2025-09-04 07:07:16	13	0	1	0
      369	2025-09-04 07:07:40	13	0	1	0
      355	2025-09-04 07:08:45	13	0	1	0
      407	2025-09-04 07:08:49	13	0	1	0
      386	2025-09-04 07:10:05	13	0	1	0
      386	2025-09-04 07:10:06	13	0	1	0
      405	2025-09-04 07:15:41	13	0	1	0
      414	2025-09-04 07:15:44	13	0	1	0
      381	2025-09-04 07:16:13	13	0	1	0
      410	2025-09-04 07:17:49	13	0	1	0
      403	2025-09-04 07:18:10	13	0	1	0
      380	2025-09-04 07:18:17	13	0	1	0
      336	2025-09-04 07:18:48	13	0	1	0
      378	2025-09-04 07:19:02	13	0	1	0
      377	2025-09-04 07:19:06	13	0	1	0
      335	2025-09-04 07:19:14	13	0	1	0
      333	2025-09-04 07:19:27	13	0	1	0
      341	2025-09-04 07:21:27	13	0	1	0
      416	2025-09-04 07:22:41	13	0	1	0
      389	2025-09-04 07:22:49	13	0	1	0
      390	2025-09-04 07:23:06	13	0	1	0
      366	2025-09-04 07:23:26	13	0	1	0
      352	2025-09-04 07:23:57	13	0	1	0
      406	2025-09-04 07:25:12	13	0	1	0
      338	2025-09-04 07:25:22	13	0	1	0
      387	2025-09-04 07:26:31	13	0	1	0
      348	2025-09-04 07:26:37	13	0	1	0
      408	2025-09-04 07:27:06	13	0	1	0
      398	2025-09-04 07:27:10	13	0	1	0
      361	2025-09-04 07:27:27	13	0	1	0
      345	2025-09-04 07:27:50	13	0	1	0
      357	2025-09-04 07:27:54	13	0	1	0
      394	2025-09-04 07:28:09	13	0	1	0
      358	2025-09-04 07:28:42	13	0	1	0
      344	2025-09-04 07:29:02	13	0	1	0
      396	2025-09-04 07:29:06	13	0	1	0
      411	2025-09-04 07:30:08	13	0	1	0
      413	2025-09-04 07:30:41	13	0	1	0
      392	2025-09-04 07:31:59	13	0	1	0
      339	2025-09-04 07:33:38	13	0	1	0
      385	2025-09-04 07:33:44	13	0	1	0
      372	2025-09-04 07:33:47	13	0	1	0
      400	2025-09-04 07:34:34	13	0	1	0
      365	2025-09-04 07:34:44	13	0	1	0
      404	2025-09-04 07:34:53	13	0	1	0
      370	2025-09-04 07:35:19	13	0	1	0
      360	2025-09-04 07:36:26	13	0	1	0
      331	2025-09-04 07:36:32	13	0	1	0
      383	2025-09-04 07:38:58	13	0	1	0
      383	2025-09-04 07:39:00	13	0	1	0
      346	2025-09-04 07:43:00	13	0	1	0
      334	2025-09-04 07:44:04	13	0	1	0
      417	2025-09-04 07:44:23	13	0	1	0
      351	2025-09-04 08:00:16	13	0	1	0
      450	2025-09-04 12:51:07	13	0	1	0
      451	2025-09-04 12:51:11	13	0	1	0
      463	2025-09-04 12:56:50	13	0	1	0
      454	2025-09-04 12:56:53	13	0	1	0
      452	2025-09-04 12:56:57	13	0	1	0
      430	2025-09-04 12:58:17	13	0	1	0
      420	2025-09-04 12:58:20	13	0	1	0
      461	2025-09-04 12:58:36	13	0	1	0
      421	2025-09-04 12:58:38	13	0	1	0
      446	2025-09-04 12:58:41	13	0	1	0
      453	2025-09-04 12:58:46	13	0	1	0
      455	2025-09-04 13:01:06	13	0	1	0
      465	2025-09-04 13:01:10	13	0	1	0
      457	2025-09-04 13:01:44	13	0	1	0
      429	2025-09-04 13:03:02	13	0	1	0
      466	2025-09-04 13:04:12	13	0	1	0
      459	2025-09-04 13:04:15	13	0	1	0
      901	2025-09-04 13:04:27	13	0	1	0
      447	2025-09-04 13:06:50	13	0	1	0
      422	2025-09-04 13:06:57	13	0	1	0
      439	2025-09-04 13:09:24	13	0	1	0
      426	2025-09-04 13:10:39	13	0	1	0
      431	2025-09-04 13:11:12	13	0	1	0
      432	2025-09-04 13:13:32	13	0	1	0
      418	2025-09-04 13:14:09	13	0	1	0
      450	2025-09-04 13:14:25	13	0	1	0
      900	2025-09-04 13:15:00	13	0	1	0
      443	2025-09-04 13:15:45	13	0	1	0
      443	2025-09-04 13:15:47	13	0	1	0
      436	2025-09-04 13:15:56	13	0	1	0
      456	2025-09-04 13:16:58	13	0	1	0
      445	2025-09-04 13:18:55	13	0	1	0
      441	2025-09-04 13:20:38	13	0	1	0
      425	2025-09-04 13:20:50	13	0	1	0
      434	2025-09-04 13:23:48	13	0	1	0
      427	2025-09-04 13:25:14	13	0	1	0
      440	2025-09-04 13:27:11	13	0	1	0
      437	2025-09-04 13:29:04	13	0	1	0
     4444	2025-09-04 13:29:20	13	0	1	0
      438	2025-09-04 13:33:39	13	0	1	0
      424	2025-09-04 13:33:41	13	0	1	0
      371	2025-09-05 07:02:51	13	0	1	0
      414	2025-09-05 07:03:34	13	0	1	0
      340	2025-09-05 07:04:43	13	0	1	0
      355	2025-09-05 07:08:48	13	0	1	0
      401	2025-09-05 07:09:34	13	0	1	0
      369	2025-09-05 07:12:40	13	0	1	0
      353	2025-09-05 07:13:54	13	0	1	0
      416	2025-09-05 07:16:04	13	0	1	0
      339	2025-09-05 07:17:19	13	0	1	0
      332	2025-09-05 07:18:31	13	0	1	0
      343	2025-09-05 07:18:53	13	0	1	0
      378	2025-09-05 07:19:04	13	0	1	0
      404	2025-09-05 07:21:26	13	0	1	0
      404	2025-09-05 07:21:27	13	0	1	0
      410	2025-09-05 07:21:29	13	0	1	0
      349	2025-09-05 07:21:56	13	0	1	0
      335	2025-09-05 07:22:14	13	0	1	0
      389	2025-09-05 07:23:00	13	0	1	0
      409	2025-09-05 07:23:05	13	0	1	0
      352	2025-09-05 07:23:50	13	0	1	0
      360	2025-09-05 07:24:27	13	0	1	0
      407	2025-09-05 07:24:29	13	0	1	0
      377	2025-09-05 07:24:33	13	0	1	0
      333	2025-09-05 07:24:36	13	0	1	0
      361	2025-09-05 07:25:05	13	0	1	0
      366	2025-09-05 07:25:08	13	0	1	0
      354	2025-09-05 07:25:09	13	0	1	0
      393	2025-09-05 07:25:27	13	0	1	0
      387	2025-09-05 07:25:30	13	0	1	0
      390	2025-09-05 07:25:58	13	0	1	0
      398	2025-09-05 07:27:36	13	0	1	0
      411	2025-09-05 07:28:17	13	0	1	0
      379	2025-09-05 07:28:26	13	0	1	0
      380	2025-09-05 07:28:30	13	0	1	0
      380	2025-09-05 07:28:31	13	0	1	0
      344	2025-09-05 07:29:16	13	0	1	0
      408	2025-09-05 07:30:23	13	0	1	0
      358	2025-09-05 07:30:27	13	0	1	0
      392	2025-09-05 07:30:53	13	0	1	0
      392	2025-09-05 07:30:54	13	0	1	0
      346	2025-09-05 07:31:00	13	0	1	0
      413	2025-09-05 07:31:05	13	0	1	0
      386	2025-09-05 07:33:09	13	0	1	0
      345	2025-09-05 07:34:29	13	0	1	0
      400	2025-09-05 07:34:41	13	0	1	0
      370	2025-09-05 07:34:48	13	0	1	0
      384	2025-09-05 07:39:36	13	0	1	0
      384	2025-09-05 07:39:38	13	0	1	0
      383	2025-09-05 07:39:59	13	0	1	0
      338	2025-09-05 07:42:57	13	0	1	0
      372	2025-09-05 07:43:14	13	0	1	0
      385	2025-09-05 07:43:17	13	0	1	0
      336	2025-09-05 07:44:59	13	0	1	0
      365	2025-09-05 07:45:30	13	0	1	0
      406	2025-09-05 07:46:18	13	0	1	0
      342	2025-09-05 07:53:31	13	0	1	0
      351	2025-09-05 08:01:11	13	0	1	0
      451	2025-09-05 12:52:44	13	0	1	0
      450	2025-09-05 12:56:22	13	0	1	0
      452	2025-09-05 12:56:27	13	0	1	0
      463	2025-09-05 12:56:33	13	0	1	0
      454	2025-09-05 12:57:21	13	0	1	0
      421	2025-09-05 12:57:27	13	0	1	0
      455	2025-09-05 12:57:44	13	0	1	0
      453	2025-09-05 12:59:03	13	0	1	0
      430	2025-09-05 12:59:07	13	0	1	0
      901	2025-09-05 12:59:16	13	0	1	0
      419	2025-09-05 12:59:18	13	0	1	0
      429	2025-09-05 12:59:37	13	0	1	0
      383	2025-09-05 13:01:05	13	0	1	0
      383	2025-09-05 13:01:06	13	0	1	0
      466	2025-09-05 13:01:25	13	0	1	0
      461	2025-09-05 13:01:48	13	0	1	0
      446	2025-09-05 13:01:52	13	0	1	0
      457	2025-09-05 13:05:11	13	0	1	0
      436	2025-09-05 13:06:45	13	0	1	0
      422	2025-09-05 13:07:43	13	0	1	0
      441	2025-09-05 13:09:28	13	0	1	0
      420	2025-09-05 13:10:07	13	0	1	0
      426	2025-09-05 13:10:10	13	0	1	0
      465	2025-09-05 13:10:42	13	0	1	0
      439	2025-09-05 13:11:08	13	0	1	0
      432	2025-09-05 13:11:24	13	0	1	0
      431	2025-09-05 13:11:35	13	0	1	0
      418	2025-09-05 13:17:06	13	0	1	0
      456	2025-09-05 13:17:43	13	0	1	0
      459	2025-09-05 13:18:02	13	0	1	0
      900	2025-09-05 13:21:59	13	0	1	0
      450	2025-09-05 13:25:44	13	0	1	0
      447	2025-09-05 13:25:47	13	0	1	0
      443	2025-09-05 13:25:49	13	0	1	0
      438	2025-09-05 13:30:34	13	0	1	0
      445	2025-09-05 13:53:43	13	0	1	0
      340	2025-09-08 07:02:59	13	0	1	0
      409	2025-09-08 07:05:01	13	0	1	0
      369	2025-09-08 07:05:11	13	0	1	0
      353	2025-09-08 07:09:25	13	0	1	0
      349	2025-09-08 07:09:34	13	0	1	0
      349	2025-09-08 07:09:35	13	0	1	0
      343	2025-09-08 07:10:11	13	0	1	0
      343	2025-09-08 07:10:12	13	0	1	0
      348	2025-09-08 07:12:17	13	0	1	0
      335	2025-09-08 07:13:10	13	0	1	0
      335	2025-09-08 07:13:11	13	0	1	0
      366	2025-09-08 07:13:19	13	0	1	0
      332	2025-09-08 07:15:56	13	0	1	0
      381	2025-09-08 07:16:13	13	0	1	0
      381	2025-09-08 07:16:14	13	0	1	0
      354	2025-09-08 07:17:02	13	0	1	0
      336	2025-09-08 07:19:09	13	0	1	0
      377	2025-09-08 07:19:29	13	0	1	0
      410	2025-09-08 07:19:48	13	0	1	0
      414	2025-09-08 07:20:56	13	0	1	0
      390	2025-09-08 07:21:11	13	0	1	0
      390	2025-09-08 07:21:12	13	0	1	0
      407	2025-09-08 07:21:34	13	0	1	0
      384	2025-09-08 07:21:38	13	0	1	0
      398	2025-09-08 07:21:46	13	0	1	0
      356	2025-09-08 07:21:53	13	0	1	0
      333	2025-09-08 07:22:14	13	0	1	0
      331	2025-09-08 07:22:20	13	0	1	0
      408	2025-09-08 07:22:40	13	0	1	0
      389	2025-09-08 07:23:07	13	0	1	0
      344	2025-09-08 07:23:15	13	0	1	0
      342	2025-09-08 07:23:39	13	0	1	0
      352	2025-09-08 07:23:51	13	0	1	0
      357	2025-09-08 07:24:53	13	0	1	0
      341	2025-09-08 07:25:03	13	0	1	0
      393	2025-09-08 07:25:19	13	0	1	0
      355	2025-09-08 07:25:50	13	0	1	0
      346	2025-09-08 07:26:08	13	0	1	0
      406	2025-09-08 07:27:57	13	0	1	0
      392	2025-09-08 07:28:23	13	0	1	0
      379	2025-09-08 07:28:44	13	0	1	0
      339	2025-09-08 07:28:47	13	0	1	0
      387	2025-09-08 07:29:02	13	0	1	0
      345	2025-09-08 07:31:29	13	0	1	0
      394	2025-09-08 07:31:35	13	0	1	0
      394	2025-09-08 07:31:36	13	0	1	0
      361	2025-09-08 07:32:16	13	0	1	0
      358	2025-09-08 07:32:19	13	0	1	0
      401	2025-09-08 07:32:42	13	0	1	0
      365	2025-09-08 07:32:58	13	0	1	0
      360	2025-09-08 07:33:09	13	0	1	0
      410	2025-09-08 07:33:21	13	0	1	0
      404	2025-09-08 07:33:28	13	0	1	0
      404	2025-09-08 07:33:29	13	0	1	0
      400	2025-09-08 07:34:17	13	0	1	0
      400	2025-09-08 07:34:18	13	0	1	0
      370	2025-09-08 07:34:26	13	0	1	0
      413	2025-09-08 07:34:31	13	0	1	0
      338	2025-09-08 07:34:55	13	0	1	0
      396	2025-09-08 07:34:58	13	0	1	0
      405	2025-09-08 07:37:18	13	0	1	0
      350	2025-09-08 07:38:52	13	0	1	0
      334	2025-09-08 07:38:56	13	0	1	0
      383	2025-09-08 07:42:47	13	0	1	0
      386	2025-09-08 07:46:21	13	0	1	0
      451	2025-09-08 12:47:29	13	0	1	0
      450	2025-09-08 12:54:27	13	0	1	0
      452	2025-09-08 12:54:35	13	0	1	0
      420	2025-09-08 12:57:00	13	0	1	0
      420	2025-09-08 12:57:02	13	0	1	0
      426	2025-09-08 12:57:18	13	0	1	0
      425	2025-09-08 12:57:22	13	0	1	0
      901	2025-09-08 12:58:41	13	0	1	0
      436	2025-09-08 12:59:07	13	0	1	0
      430	2025-09-08 12:59:10	13	0	1	0
      463	2025-09-08 12:59:13	13	0	1	0
      383	2025-09-08 12:59:26	13	0	1	0
      419	2025-09-08 13:01:24	13	0	1	0
      443	2025-09-08 13:01:32	13	0	1	0
      447	2025-09-08 13:01:35	13	0	1	0
      429	2025-09-08 13:01:50	13	0	1	0
      429	2025-09-08 13:01:51	13	0	1	0
      454	2025-09-08 13:05:42	13	0	1	0
     4444	2025-09-08 13:05:51	13	0	1	0
      457	2025-09-08 13:05:52	13	0	1	0
      455	2025-09-08 13:06:16	13	0	1	0
      465	2025-09-08 13:06:21	13	0	1	0
      421	2025-09-08 13:08:28	13	0	1	0
      446	2025-09-08 13:08:33	13	0	1	0
      453	2025-09-08 13:09:59	13	0	1	0
      459	2025-09-08 13:10:11	13	0	1	0
      456	2025-09-08 13:12:36	13	0	1	0
      431	2025-09-08 13:12:57	13	0	1	0
      418	2025-09-08 13:17:17	13	0	1	0
      450	2025-09-08 13:19:03	13	0	1	0
      422	2025-09-08 13:19:24	13	0	1	0
      461	2025-09-08 13:22:25	13	0	1	0
      461	2025-09-08 13:22:26	13	0	1	0
      441	2025-09-08 13:23:56	13	0	1	0
      900	2025-09-08 13:24:01	13	0	1	0
      427	2025-09-08 13:24:45	13	0	1	0
      427	2025-09-08 13:24:46	13	0	1	0
      438	2025-09-08 13:29:54	13	0	1	0
      424	2025-09-08 13:29:56	13	0	1	0
      445	2025-09-08 13:31:10	13	0	1	0
      440	2025-09-08 13:31:36	13	0	1	0
      409	2025-09-08 13:34:50	13	0	1	0
      464	2025-09-08 13:35:04	13	0	1	0
      464	2025-09-08 13:35:05	13	0	1	0
      437	2025-09-08 13:40:22	13	0	1	0
      353	2025-09-09 06:58:23	13	0	1	0
      340	2025-09-09 07:01:54	13	0	1	0
      371	2025-09-09 07:02:40	13	0	1	0
      401	2025-09-09 07:09:26	13	0	1	0
      407	2025-09-09 07:09:53	13	0	1	0
      369	2025-09-09 07:10:07	13	0	1	0
      366	2025-09-09 07:13:16	13	0	1	0
      381	2025-09-09 07:13:18	13	0	1	0
      355	2025-09-09 07:14:05	13	0	1	0
      354	2025-09-09 07:14:14	13	0	1	0
      348	2025-09-09 07:15:34	13	0	1	0
      403	2025-09-09 07:16:42	13	0	1	0
      389	2025-09-09 07:17:17	13	0	1	0
      349	2025-09-09 07:18:35	13	0	1	0
      332	2025-09-09 07:18:44	13	0	1	0
      378	2025-09-09 07:19:39	13	0	1	0
      335	2025-09-09 07:19:41	13	0	1	0
      386	2025-09-09 07:22:01	13	0	1	0
      386	2025-09-09 07:22:02	13	0	1	0
      390	2025-09-09 07:22:17	13	0	1	0
      356	2025-09-09 07:22:24	13	0	1	0
      398	2025-09-09 07:22:58	13	0	1	0
      352	2025-09-09 07:23:03	13	0	1	0
      336	2025-09-09 07:23:07	13	0	1	0
      372	2025-09-09 07:24:14	13	0	1	0
      343	2025-09-09 07:24:26	13	0	1	0
      393	2025-09-09 07:25:20	13	0	1	0
      411	2025-09-09 07:25:28	13	0	1	0
      357	2025-09-09 07:25:42	13	0	1	0
      344	2025-09-09 07:26:10	13	0	1	0
      333	2025-09-09 07:26:31	13	0	1	0
      377	2025-09-09 07:26:34	13	0	1	0
      379	2025-09-09 07:26:39	13	0	1	0
      339	2025-09-09 07:27:33	13	0	1	0
      406	2025-09-09 07:27:47	13	0	1	0
      338	2025-09-09 07:28:11	13	0	1	0
      370	2025-09-09 07:28:28	13	0	1	0
      387	2025-09-09 07:29:16	13	0	1	0
      346	2025-09-09 07:30:59	13	0	1	0
      392	2025-09-09 07:31:06	13	0	1	0
      361	2025-09-09 07:31:10	13	0	1	0
      394	2025-09-09 07:31:29	13	0	1	0
      400	2025-09-09 07:32:20	13	0	1	0
      405	2025-09-09 07:32:24	13	0	1	0
      359	2025-09-09 07:32:37	13	0	1	0
      396	2025-09-09 07:32:47	13	0	1	0
      408	2025-09-09 07:33:05	13	0	1	0
      413	2025-09-09 07:33:39	13	0	1	0
      358	2025-09-09 07:34:21	13	0	1	0
      385	2025-09-09 07:35:08	13	0	1	0
      404	2025-09-09 07:36:20	13	0	1	0
      404	2025-09-09 07:36:21	13	0	1	0
      331	2025-09-09 07:36:32	13	0	1	0
      341	2025-09-09 07:38:26	13	0	1	0
      383	2025-09-09 07:38:32	13	0	1	0
      383	2025-09-09 07:38:33	13	0	1	0
      334	2025-09-09 07:44:13	13	0	1	0
      334	2025-09-09 07:44:14	13	0	1	0
      417	2025-09-09 07:44:17	13	0	1	0
      451	2025-09-09 12:46:14	13	0	1	0
      450	2025-09-09 12:47:39	13	0	1	0
      420	2025-09-09 12:55:09	13	0	1	0
      420	2025-09-09 12:55:11	13	0	1	0
      452	2025-09-09 12:55:16	13	0	1	0
      463	2025-09-09 12:55:20	13	0	1	0
      462	2025-09-09 12:55:25	13	0	1	0
      454	2025-09-09 12:57:40	13	0	1	0
      427	2025-09-09 12:57:43	13	0	1	0
      421	2025-09-09 12:58:35	13	0	1	0
      446	2025-09-09 12:58:38	13	0	1	0
      901	2025-09-09 12:58:42	13	0	1	0
      455	2025-09-09 13:00:18	13	0	1	0
      457	2025-09-09 13:01:24	13	0	1	0
      466	2025-09-09 13:01:27	13	0	1	0
      466	2025-09-09 13:01:34	13	0	1	0
      453	2025-09-09 13:04:23	13	0	1	0
      422	2025-09-09 13:04:54	13	0	1	0
      437	2025-09-09 13:07:54	13	0	1	0
      439	2025-09-09 13:08:59	13	0	1	0
      459	2025-09-09 13:13:38	13	0	1	0
      426	2025-09-09 13:13:45	13	0	1	0
      441	2025-09-09 13:14:36	13	0	1	0
      436	2025-09-09 13:15:56	13	0	1	0
      456	2025-09-09 13:17:08	13	0	1	0
      440	2025-09-09 13:18:12	13	0	1	0
      438	2025-09-09 13:18:22	13	0	1	0
      450	2025-09-09 13:18:32	13	0	1	0
      418	2025-09-09 13:22:46	13	0	1	0
      443	2025-09-09 13:27:37	13	0	1	0
      445	2025-09-09 13:34:19	13	0	1	0
      431	2025-09-09 13:35:12	13	0	1	0
      433	2025-09-09 13:35:15	13	0	1	0
      461	2025-09-09 13:43:22	13	0	1	0
      409	2025-09-10 06:56:12	13	0	1	0
      340	2025-09-10 07:05:38	13	0	1	0
      369	2025-09-10 07:06:21	13	0	1	0
      401	2025-09-10 07:06:42	13	0	1	0
      353	2025-09-10 07:09:27	13	0	1	0
      411	2025-09-10 07:09:52	13	0	1	0
      335	2025-09-10 07:10:03	13	0	1	0
      337	2025-09-10 07:10:17	13	0	1	0
      356	2025-09-10 07:10:22	13	0	1	0
      332	2025-09-10 07:12:41	13	0	1	0
      343	2025-09-10 07:12:50	13	0	1	0
      381	2025-09-10 07:13:38	13	0	1	0
      348	2025-09-10 07:14:54	13	0	1	0
      366	2025-09-10 07:15:48	13	0	1	0
      403	2025-09-10 07:16:06	13	0	1	0
      341	2025-09-10 07:16:47	13	0	1	0
      355	2025-09-10 07:17:36	13	0	1	0
      336	2025-09-10 07:18:38	13	0	1	0
      349	2025-09-10 07:19:26	13	0	1	0
      389	2025-09-10 07:20:07	13	0	1	0
      380	2025-09-10 07:20:46	13	0	1	0
      390	2025-09-10 07:21:16	13	0	1	0
      405	2025-09-10 07:21:50	13	0	1	0
      398	2025-09-10 07:21:53	13	0	1	0
      352	2025-09-10 07:21:57	13	0	1	0
      378	2025-09-10 07:22:23	13	0	1	0
      339	2025-09-10 07:22:26	13	0	1	0
      344	2025-09-10 07:23:06	13	0	1	0
      408	2025-09-10 07:24:45	13	0	1	0
      377	2025-09-10 07:24:51	13	0	1	0
      333	2025-09-10 07:24:58	13	0	1	0
      379	2025-09-10 07:25:02	13	0	1	0
      392	2025-09-10 07:25:13	13	0	1	0
      387	2025-09-10 07:25:28	13	0	1	0
      393	2025-09-10 07:26:11	13	0	1	0
      396	2025-09-10 07:27:14	13	0	1	0
      360	2025-09-10 07:27:35	13	0	1	0
      334	2025-09-10 07:28:10	13	0	1	0
      406	2025-09-10 07:28:18	13	0	1	0
      338	2025-09-10 07:28:26	13	0	1	0
      416	2025-09-10 07:28:38	13	0	1	0
      345	2025-09-10 07:30:55	13	0	1	0
      350	2025-09-10 07:30:58	13	0	1	0
      385	2025-09-10 07:31:10	13	0	1	0
      372	2025-09-10 07:31:11	13	0	1	0
      394	2025-09-10 07:31:17	13	0	1	0
      358	2025-09-10 07:32:29	13	0	1	0
      359	2025-09-10 07:32:33	13	0	1	0
      361	2025-09-10 07:32:47	13	0	1	0
      365	2025-09-10 07:34:23	13	0	1	0
      400	2025-09-10 07:34:44	13	0	1	0
      400	2025-09-10 07:34:45	13	0	1	0
      342	2025-09-10 07:36:50	13	0	1	0
      413	2025-09-10 07:36:58	13	0	1	0
      404	2025-09-10 07:37:41	13	0	1	0
      370	2025-09-10 07:38:02	13	0	1	0
      384	2025-09-10 07:38:25	13	0	1	0
      331	2025-09-10 07:42:34	13	0	1	0
      383	2025-09-10 07:44:00	13	0	1	0
      351	2025-09-10 07:48:48	13	0	1	0
      450	2025-09-10 12:47:48	13	0	1	0
      465	2025-09-10 12:47:58	13	0	1	0
      463	2025-09-10 12:54:16	13	0	1	0
      454	2025-09-10 12:55:08	13	0	1	0
      452	2025-09-10 12:55:12	13	0	1	0
      451	2025-09-10 12:56:49	13	0	1	0
      453	2025-09-10 12:56:53	13	0	1	0
      427	2025-09-10 12:57:48	13	0	1	0
      430	2025-09-10 12:58:23	13	0	1	0
      901	2025-09-10 12:58:46	13	0	1	0
      455	2025-09-10 13:01:09	13	0	1	0
      436	2025-09-10 13:01:14	13	0	1	0
      466	2025-09-10 13:01:18	13	0	1	0
      465	2025-09-10 13:01:22	13	0	1	0
      431	2025-09-10 13:01:37	13	0	1	0
      429	2025-09-10 13:01:41	13	0	1	0
      429	2025-09-10 13:01:42	13	0	1	0
      393	2025-09-10 13:02:44	13	0	1	0
      392	2025-09-10 13:02:47	13	0	1	0
      421	2025-09-10 13:06:25	13	0	1	0
      461	2025-09-10 13:06:27	13	0	1	0
      446	2025-09-10 13:06:30	13	0	1	0
      419	2025-09-10 13:08:35	13	0	1	0
      422	2025-09-10 13:09:37	13	0	1	0
      439	2025-09-10 13:09:47	13	0	1	0
      459	2025-09-10 13:13:10	13	0	1	0
      432	2025-09-10 13:15:20	13	0	1	0
      425	2025-09-10 13:15:23	13	0	1	0
      441	2025-09-10 13:15:30	13	0	1	0
      418	2025-09-10 13:19:59	13	0	1	0
      900	2025-09-10 13:23:11	13	0	1	0
      434	2025-09-10 13:23:14	13	0	1	0
      433	2025-09-10 13:23:17	13	0	1	0
      445	2025-09-10 13:30:45	13	0	1	0
      438	2025-09-10 13:33:30	13	0	1	0
      440	2025-09-10 13:33:33	13	0	1	0
      424	2025-09-10 13:33:36	13	0	1	0
      450	2025-09-10 13:46:27	13	0	1	0
      443	2025-09-10 13:50:46	13	0	1	0
      447	2025-09-10 13:50:50	13	0	1	0
