      586	2025-08-22 13:07:44	14	0	1	0
      588	2025-08-22 13:08:11	14	0	1	0
      570	2025-08-22 13:08:46	14	0	1	0
      611	2025-08-22 13:11:25	14	0	1	0
      607	2025-08-22 13:11:29	14	0	1	0
      614	2025-08-22 13:11:48	14	0	1	0
      592	2025-08-22 13:12:48	14	0	1	0
      591	2025-08-22 13:13:06	14	0	1	0
      582	2025-08-22 13:14:35	14	0	1	0
      581	2025-08-22 13:16:03	14	0	1	0
      598	2025-08-22 13:16:54	14	0	1	0
      612	2025-08-22 13:16:57	14	0	1	0
      590	2025-08-22 13:17:07	14	0	1	0
      594	2025-08-22 13:17:20	14	0	1	0
      606	2025-08-22 13:17:25	14	0	1	0
      573	2025-08-22 13:17:29	14	0	1	0
      571	2025-08-22 13:20:01	14	0	1	0
      579	2025-08-22 13:20:04	14	0	1	0
      601	2025-08-22 13:25:34	14	0	1	0
      601	2025-08-22 13:25:35	14	0	1	0
      565	2025-08-22 13:39:14	14	0	1	0
      574	2025-08-22 13:41:52	14	0	1	0
      580	2025-08-22 13:44:14	14	0	1	0
      533	2025-08-25 07:27:35	14	0	1	0
      536	2025-08-25 07:27:39	14	0	1	0
      494	2025-08-25 07:27:43	14	0	1	0
      537	2025-08-25 07:28:09	14	0	1	0
      471	2025-08-25 07:28:16	14	0	1	0
      482	2025-08-25 07:28:19	14	0	1	0
      560	2025-08-25 07:29:01	14	0	1	0
      540	2025-08-25 07:29:05	14	0	1	0
      538	2025-08-25 07:29:37	14	0	1	0
      530	2025-08-25 07:29:42	14	0	1	0
      513	2025-08-25 07:29:46	14	0	1	0
      519	2025-08-25 07:29:55	14	0	1	0
      496	2025-08-25 07:29:58	14	0	1	0
      556	2025-08-25 07:30:05	14	0	1	0
      507	2025-08-25 07:30:17	14	0	1	0
      507	2025-08-25 07:30:18	14	0	1	0
      507	2025-08-25 07:30:20	14	0	1	0
      507	2025-08-25 07:30:21	14	0	1	0
      544	2025-08-25 07:30:26	14	0	1	0
      544	2025-08-25 07:30:30	14	0	1	0
      544	2025-08-25 07:30:40	14	0	1	0
      544	2025-08-25 07:30:41	14	0	1	0
      546	2025-08-25 07:30:47	14	0	1	0
      474	2025-08-25 07:30:53	14	0	1	0
      548	2025-08-25 07:31:05	14	0	1	0
      527	2025-08-25 07:31:18	14	0	1	0
      477	2025-08-25 07:31:26	14	0	1	0
      497	2025-08-25 07:31:45	14	0	1	0
      552	2025-08-25 07:32:48	14	0	1	0
      525	2025-08-25 07:34:07	14	0	1	0
      498	2025-08-25 07:34:18	14	0	1	0
      473	2025-08-25 07:34:21	14	0	1	0
      491	2025-08-25 07:34:24	14	0	1	0
      511	2025-08-25 07:34:37	14	0	1	0
      543	2025-08-25 07:37:45	14	0	1	0
      512	2025-08-25 07:39:44	14	0	1	0
      504	2025-08-25 07:40:49	14	0	1	0
      493	2025-08-25 07:58:00	14	0	1	0
      562	2025-08-25 08:06:31	14	0	1	0
      562	2025-08-25 08:06:33	14	0	1	0
      571	2025-08-25 12:57:47	14	0	1	0
      568	2025-08-25 12:57:51	14	0	1	0
      588	2025-08-25 12:58:36	14	0	1	0
      580	2025-08-25 13:02:52	14	0	1	0
      581	2025-08-25 13:02:57	14	0	1	0
      611	2025-08-25 13:04:41	14	0	1	0
      574	2025-08-25 13:05:10	14	0	1	0
      570	2025-08-25 13:06:59	14	0	1	0
      614	2025-08-25 13:09:22	14	0	1	0
      579	2025-08-25 13:10:00	14	0	1	0
      598	2025-08-25 13:12:45	14	0	1	0
      598	2025-08-25 13:12:47	14	0	1	0
      594	2025-08-25 13:14:07	14	0	1	0
      593	2025-08-25 13:19:18	14	0	1	0
      565	2025-08-25 13:21:24	14	0	1	0
      597	2025-08-25 13:23:29	14	0	1	0
      582	2025-08-25 13:32:27	14	0	1	0
      576	2025-08-25 13:34:48	14	0	1	0
      595	2025-08-25 13:41:26	14	0	1	0
      605	2025-08-25 13:56:04	14	0	1	0
      583	2025-08-25 13:56:07	14	0	1	0
      583	2025-08-25 13:56:40	14	0	1	0
      603	2025-08-25 13:59:54	14	0	1	0
      613	2025-08-25 14:23:12	14	0	1	0
      599	2025-08-25 14:27:57	14	0	1	0
      532	2025-08-26 06:58:12	14	0	1	0
      544	2025-08-26 07:02:27	14	0	1	0
      544	2025-08-26 07:02:35	14	0	1	0
      540	2025-08-26 07:03:10	14	0	1	0
      550	2025-08-26 07:04:52	14	0	1	0
      471	2025-08-26 07:11:05	14	0	1	0
      529	2025-08-26 07:12:47	14	0	1	0
      523	2025-08-26 07:15:07	14	0	1	0
      518	2025-08-26 07:15:59	14	0	1	0
      530	2025-08-26 07:16:13	14	0	1	0
      558	2025-08-26 07:16:52	14	0	1	0
      536	2025-08-26 07:17:03	14	0	1	0
      561	2025-08-26 07:17:14	14	0	1	0
      490	2025-08-26 07:18:33	14	0	1	0
      494	2025-08-26 07:18:42	14	0	1	0
      527	2025-08-26 07:18:47	14	0	1	0
      500	2025-08-26 07:18:52	14	0	1	0
      538	2025-08-26 07:19:45	14	0	1	0
      486	2025-08-26 07:19:50	14	0	1	0
      542	2025-08-26 07:20:48	14	0	1	0
      476	2025-08-26 07:21:08	14	0	1	0
      533	2025-08-26 07:21:10	14	0	1	0
      531	2025-08-26 07:21:13	14	0	1	0
      467	2025-08-26 07:21:26	14	0	1	0
      537	2025-08-26 07:21:30	14	0	1	0
      506	2025-08-26 07:22:50	14	0	1	0
      554	2025-08-26 07:22:57	14	0	1	0
      508	2025-08-26 07:23:14	14	0	1	0
      513	2025-08-26 07:23:49	14	0	1	0
      553	2025-08-26 07:25:07	14	0	1	0
      511	2025-08-26 07:25:13	14	0	1	0
      512	2025-08-26 07:25:21	14	0	1	0
      555	2025-08-26 07:25:33	14	0	1	0
      541	2025-08-26 07:26:35	14	0	1	0
      541	2025-08-26 07:26:37	14	0	1	0
      472	2025-08-26 07:27:00	14	0	1	0
      484	2025-08-26 07:27:13	14	0	1	0
      516	2025-08-26 07:27:16	14	0	1	0
      507	2025-08-26 07:27:23	14	0	1	0
      507	2025-08-26 07:27:24	14	0	1	0
      473	2025-08-26 07:27:50	14	0	1	0
      556	2025-08-26 07:27:58	14	0	1	0
      517	2025-08-26 07:28:03	14	0	1	0
      468	2025-08-26 07:28:06	14	0	1	0
      497	2025-08-26 07:28:26	14	0	1	0
      560	2025-08-26 07:28:31	14	0	1	0
      493	2025-08-26 07:28:35	14	0	1	0
      543	2025-08-26 07:29:41	14	0	1	0
      549	2025-08-26 07:30:25	14	0	1	0
      552	2025-08-26 07:30:28	14	0	1	0
      563	2025-08-26 07:30:39	14	0	1	0
      548	2025-08-26 07:33:36	14	0	1	0
      503	2025-08-26 07:33:50	14	0	1	0
      546	2025-08-26 07:34:21	14	0	1	0
      498	2025-08-26 07:34:25	14	0	1	0
      564	2025-08-26 07:34:28	14	0	1	0
      482	2025-08-26 07:34:33	14	0	1	0
      504	2025-08-26 07:34:42	14	0	1	0
      519	2025-08-26 07:34:46	14	0	1	0
      509	2025-08-26 07:36:11	14	0	1	0
      509	2025-08-26 07:36:13	14	0	1	0
      557	2025-08-26 07:36:22	14	0	1	0
      492	2025-08-26 07:36:33	14	0	1	0
      514	2025-08-26 07:37:11	14	0	1	0
      562	2025-08-26 07:40:21	14	0	1	0
      562	2025-08-26 07:40:22	14	0	1	0
      477	2025-08-26 07:42:04	14	0	1	0
      474	2025-08-26 07:43:19	14	0	1	0
      525	2025-08-26 07:58:59	14	0	1	0
      609	2025-08-26 12:57:42	14	0	1	0
      606	2025-08-26 12:57:45	14	0	1	0
      571	2025-08-26 12:58:06	14	0	1	0
      588	2025-08-26 12:59:53	14	0	1	0
      604	2025-08-26 13:00:30	14	0	1	0
      568	2025-08-26 13:01:42	14	0	1	0
      570	2025-08-26 13:01:47	14	0	1	0
      607	2025-08-26 13:02:31	14	0	1	0
      612	2025-08-26 13:02:34	14	0	1	0
      579	2025-08-26 13:04:27	14	0	1	0
      582	2025-08-26 13:04:30	14	0	1	0
      611	2025-08-26 13:04:34	14	0	1	0
      586	2025-08-26 13:04:37	14	0	1	0
      574	2025-08-26 13:04:57	14	0	1	0
      594	2025-08-26 13:05:00	14	0	1	0
      565	2025-08-26 13:06:14	14	0	1	0
      593	2025-08-26 13:07:47	14	0	1	0
      580	2025-08-26 13:08:44	14	0	1	0
      578	2025-08-26 13:08:52	14	0	1	0
      597	2025-08-26 13:09:03	14	0	1	0
      597	2025-08-26 13:09:04	14	0	1	0
      573	2025-08-26 13:10:08	14	0	1	0
      591	2025-08-26 13:15:20	14	0	1	0
      592	2025-08-26 13:15:22	14	0	1	0
      614	2025-08-26 13:16:05	14	0	1	0
      601	2025-08-26 13:20:04	14	0	1	0
      595	2025-08-26 13:21:30	14	0	1	0
      595	2025-08-26 13:21:32	14	0	1	0
      605	2025-08-26 13:27:50	14	0	1	0
      583	2025-08-26 13:34:38	14	0	1	0
      541	2025-08-27 06:56:05	14	0	1	0
      508	2025-08-27 07:07:04	14	0	1	0
      540	2025-08-27 07:12:25	14	0	1	0
      550	2025-08-27 07:12:36	14	0	1	0
      544	2025-08-27 07:14:47	14	0	1	0
      547	2025-08-27 07:14:51	14	0	1	0
      533	2025-08-27 07:14:56	14	0	1	0
      533	2025-08-27 07:14:57	14	0	1	0
      532	2025-08-27 07:14:59	14	0	1	0
      561	2025-08-27 07:15:47	14	0	1	0
      558	2025-08-27 07:16:44	14	0	1	0
      545	2025-08-27 07:16:50	14	0	1	0
      500	2025-08-27 07:18:36	14	0	1	0
      518	2025-08-27 07:18:40	14	0	1	0
      529	2025-08-27 07:19:20	14	0	1	0
      553	2025-08-27 07:19:24	14	0	1	0
      530	2025-08-27 07:19:27	14	0	1	0
      495	2025-08-27 07:19:38	14	0	1	0
      531	2025-08-27 07:19:43	14	0	1	0
      527	2025-08-27 07:19:45	14	0	1	0
      467	2025-08-27 07:19:52	14	0	1	0
      476	2025-08-27 07:19:57	14	0	1	0
      536	2025-08-27 07:20:09	14	0	1	0
      509	2025-08-27 07:20:38	14	0	1	0
      513	2025-08-27 07:20:40	14	0	1	0
      506	2025-08-27 07:22:18	14	0	1	0
      484	2025-08-27 07:22:24	14	0	1	0
      490	2025-08-27 07:22:50	14	0	1	0
      471	2025-08-27 07:23:37	14	0	1	0
      564	2025-08-27 07:23:41	14	0	1	0
      538	2025-08-27 07:23:45	14	0	1	0
      492	2025-08-27 07:24:44	14	0	1	0
      523	2025-08-27 07:24:51	14	0	1	0
      554	2025-08-27 07:24:54	14	0	1	0
      556	2025-08-27 07:24:57	14	0	1	0
      481	2025-08-27 07:25:05	14	0	1	0
      542	2025-08-27 07:25:18	14	0	1	0
      549	2025-08-27 07:25:20	14	0	1	0
      486	2025-08-27 07:25:24	14	0	1	0
      516	2025-08-27 07:25:34	14	0	1	0
      555	2025-08-27 07:27:48	14	0	1	0
      503	2025-08-27 07:27:52	14	0	1	0
      537	2025-08-27 07:28:14	14	0	1	0
      473	2025-08-27 07:28:16	14	0	1	0
      468	2025-08-27 07:28:19	14	0	1	0
      497	2025-08-27 07:28:24	14	0	1	0
      543	2025-08-27 07:28:33	14	0	1	0
      493	2025-08-27 07:28:40	14	0	1	0
      519	2025-08-27 07:29:04	14	0	1	0
      560	2025-08-27 07:29:32	14	0	1	0
      562	2025-08-27 07:29:42	14	0	1	0
      507	2025-08-27 07:30:23	14	0	1	0
      507	2025-08-27 07:30:24	14	0	1	0
      512	2025-08-27 07:30:41	14	0	1	0
      496	2025-08-27 07:30:47	14	0	1	0
      474	2025-08-27 07:30:55	14	0	1	0
      482	2025-08-27 07:31:29	14	0	1	0
      491	2025-08-27 07:31:38	14	0	1	0
      548	2025-08-27 07:31:54	14	0	1	0
      483	2025-08-27 07:32:38	14	0	1	0
      514	2025-08-27 07:33:05	14	0	1	0
      546	2025-08-27 07:33:21	14	0	1	0
      504	2025-08-27 07:34:30	14	0	1	0
      522	2025-08-27 07:34:56	14	0	1	0
      552	2025-08-27 07:35:01	14	0	1	0
      494	2025-08-27 07:35:19	14	0	1	0
      563	2025-08-27 07:35:27	14	0	1	0
      557	2025-08-27 07:36:20	14	0	1	0
      479	2025-08-27 07:40:06	14	0	1	0
      477	2025-08-27 07:49:53	14	0	1	0
      525	2025-08-27 08:02:41	14	0	1	0
      606	2025-08-27 12:58:37	14	0	1	0
      587	2025-08-27 12:58:44	14	0	1	0
      607	2025-08-27 12:58:50	14	0	1	0
      604	2025-08-27 12:58:54	14	0	1	0
      568	2025-08-27 13:00:00	14	0	1	0
      598	2025-08-27 13:01:26	14	0	1	0
      574	2025-08-27 13:01:28	14	0	1	0
      506	2025-08-27 13:02:19	14	0	1	0
      494	2025-08-27 13:02:22	14	0	1	0
      579	2025-08-27 13:02:45	14	0	1	0
      611	2025-08-27 13:04:16	14	0	1	0
      588	2025-08-27 13:04:20	14	0	1	0
      581	2025-08-27 13:06:32	14	0	1	0
      573	2025-08-27 13:06:37	14	0	1	0
      571	2025-08-27 13:06:41	14	0	1	0
      570	2025-08-27 13:06:44	14	0	1	0
      612	2025-08-27 13:07:13	14	0	1	0
      608	2025-08-27 13:07:26	14	0	1	0
      576	2025-08-27 13:10:18	14	0	1	0
      594	2025-08-27 13:15:12	14	0	1	0
      594	2025-08-27 13:15:13	14	0	1	0
      565	2025-08-27 13:15:20	14	0	1	0
      580	2025-08-27 13:17:23	14	0	1	0
      586	2025-08-27 13:18:18	14	0	1	0
      578	2025-08-27 13:19:00	14	0	1	0
      592	2025-08-27 13:19:25	14	0	1	0
      591	2025-08-27 13:19:28	14	0	1	0
      601	2025-08-27 13:25:39	14	0	1	0
      582	2025-08-27 13:29:13	14	0	1	0
      595	2025-08-27 13:32:23	14	0	1	0
      595	2025-08-27 13:32:25	14	0	1	0
      609	2025-08-27 13:33:32	14	0	1	0
      603	2025-08-27 13:44:05	14	0	1	0
      585	2025-08-27 13:49:00	14	0	1	0
      605	2025-08-27 13:50:11	14	0	1	0
      583	2025-08-27 13:50:29	14	0	1	0
      593	2025-08-27 14:08:46	14	0	1	0
      527	2025-08-28 07:07:25	14	0	1	0
      531	2025-08-28 07:09:06	14	0	1	0
      541	2025-08-28 07:09:31	14	0	1	0
      532	2025-08-28 07:12:42	14	0	1	0
      553	2025-08-28 07:12:49	14	0	1	0
      553	2025-08-28 07:12:50	14	0	1	0
      558	2025-08-28 07:14:34	14	0	1	0
      536	2025-08-28 07:15:20	14	0	1	0
      496	2025-08-28 07:15:59	14	0	1	0
      542	2025-08-28 07:16:08	14	0	1	0
      538	2025-08-28 07:16:15	14	0	1	0
      555	2025-08-28 07:16:26	14	0	1	0
      539	2025-08-28 07:17:16	14	0	1	0
      540	2025-08-28 07:17:19	14	0	1	0
      530	2025-08-28 07:17:30	14	0	1	0
      523	2025-08-28 07:17:50	14	0	1	0
      500	2025-08-28 07:18:29	14	0	1	0
      495	2025-08-28 07:18:52	14	0	1	0
      517	2025-08-28 07:18:56	14	0	1	0
      476	2025-08-28 07:19:42	14	0	1	0
      513	2025-08-28 07:20:02	14	0	1	0
      564	2025-08-28 07:20:16	14	0	1	0
      550	2025-08-28 07:20:46	14	0	1	0
      549	2025-08-28 07:21:40	14	0	1	0
      508	2025-08-28 07:21:50	14	0	1	0
      490	2025-08-28 07:22:05	14	0	1	0
      534	2025-08-28 07:22:13	14	0	1	0
      467	2025-08-28 07:22:28	14	0	1	0
      498	2025-08-28 07:22:35	14	0	1	0
      561	2025-08-28 07:22:47	14	0	1	0
      473	2025-08-28 07:22:53	14	0	1	0
      492	2025-08-28 07:22:57	14	0	1	0
      506	2025-08-28 07:23:27	14	0	1	0
      533	2025-08-28 07:24:03	14	0	1	0
      554	2025-08-28 07:24:37	14	0	1	0
      484	2025-08-28 07:24:42	14	0	1	0
      471	2025-08-28 07:25:43	14	0	1	0
      482	2025-08-28 07:25:49	14	0	1	0
      509	2025-08-28 07:26:43	14	0	1	0
      519	2025-08-28 07:27:11	14	0	1	0
      491	2025-08-28 07:27:33	14	0	1	0
      560	2025-08-28 07:27:40	14	0	1	0
      516	2025-08-28 07:28:10	14	0	1	0
      556	2025-08-28 07:28:18	14	0	1	0
      486	2025-08-28 07:28:24	14	0	1	0
      468	2025-08-28 07:28:28	14	0	1	0
      545	2025-08-28 07:30:14	14	0	1	0
      507	2025-08-28 07:30:21	14	0	1	0
      497	2025-08-28 07:31:29	14	0	1	0
      544	2025-08-28 07:31:37	14	0	1	0
      563	2025-08-28 07:33:07	14	0	1	0
      548	2025-08-28 07:33:23	14	0	1	0
      562	2025-08-28 07:33:37	14	0	1	0
      562	2025-08-28 07:33:39	14	0	1	0
      479	2025-08-28 07:33:43	14	0	1	0
      547	2025-08-28 07:33:53	14	0	1	0
      547	2025-08-28 07:33:54	14	0	1	0
      522	2025-08-28 07:34:05	14	0	1	0
      514	2025-08-28 07:34:15	14	0	1	0
      493	2025-08-28 07:35:39	14	0	1	0
      477	2025-08-28 07:35:43	14	0	1	0
      511	2025-08-28 07:36:02	14	0	1	0
      546	2025-08-28 07:36:31	14	0	1	0
      552	2025-08-28 07:38:24	14	0	1	0
      503	2025-08-28 07:39:31	14	0	1	0
      474	2025-08-28 07:39:43	14	0	1	0
      525	2025-08-28 07:46:06	14	0	1	0
      604	2025-08-28 13:01:12	14	0	1	0
      583	2025-08-28 13:01:21	14	0	1	0
      607	2025-08-28 13:01:28	14	0	1	0
      612	2025-08-28 13:01:31	14	0	1	0
      579	2025-08-28 13:02:49	14	0	1	0
      611	2025-08-28 13:03:58	14	0	1	0
      588	2025-08-28 13:04:49	14	0	1	0
      574	2025-08-28 13:06:52	14	0	1	0
      581	2025-08-28 13:07:21	14	0	1	0
      582	2025-08-28 13:08:25	14	0	1	0
      565	2025-08-28 13:09:37	14	0	1	0
      565	2025-08-28 13:09:38	14	0	1	0
      608	2025-08-28 13:12:51	14	0	1	0
      595	2025-08-28 13:13:44	14	0	1	0
      595	2025-08-28 13:13:46	14	0	1	0
      594	2025-08-28 13:15:06	14	0	1	0
      594	2025-08-28 13:15:07	14	0	1	0
      781	2025-08-28 13:16:10	14	0	1	0
      571	2025-08-28 13:16:26	14	0	1	0
      606	2025-08-28 13:17:15	14	0	1	0
      597	2025-08-28 13:17:18	14	0	1	0
      601	2025-08-28 13:18:32	14	0	1	0
      592	2025-08-28 13:22:31	14	0	1	0
      591	2025-08-28 13:22:34	14	0	1	0
      580	2025-08-28 13:23:32	14	0	1	0
      586	2025-08-28 13:24:02	14	0	1	0
      570	2025-08-28 13:24:04	14	0	1	0
      578	2025-08-28 13:25:42	14	0	1	0
      576	2025-08-28 13:26:21	14	0	1	0
      588	2025-08-28 13:26:25	14	0	1	0
      573	2025-08-28 13:27:18	14	0	1	0
      614	2025-08-28 13:49:57	14	0	1	0
      603	2025-08-28 13:52:38	14	0	1	0
      605	2025-08-28 13:53:19	14	0	1	0
      585	2025-08-28 14:16:52	14	0	1	0
      532	2025-08-29 07:00:52	14	0	1	0
      541	2025-08-29 07:00:57	14	0	1	0
      523	2025-08-29 07:01:18	14	0	1	0
      553	2025-08-29 07:09:23	14	0	1	0
      509	2025-08-29 07:09:31	14	0	1	0
      540	2025-08-29 07:12:39	14	0	1	0
      539	2025-08-29 07:12:41	14	0	1	0
      500	2025-08-29 07:12:48	14	0	1	0
      473	2025-08-29 07:13:11	14	0	1	0
      561	2025-08-29 07:13:22	14	0	1	0
      534	2025-08-29 07:15:41	14	0	1	0
      530	2025-08-29 07:16:05	14	0	1	0
      486	2025-08-29 07:18:29	14	0	1	0
      549	2025-08-29 07:18:33	14	0	1	0
      542	2025-08-29 07:18:41	14	0	1	0
      555	2025-08-29 07:18:46	14	0	1	0
      558	2025-08-29 07:19:26	14	0	1	0
      471	2025-08-29 07:19:30	14	0	1	0
      495	2025-08-29 07:20:10	14	0	1	0
      550	2025-08-29 07:21:48	14	0	1	0
      533	2025-08-29 07:21:55	14	0	1	0
      527	2025-08-29 07:22:11	14	0	1	0
      529	2025-08-29 07:22:15	14	0	1	0
      506	2025-08-29 07:22:18	14	0	1	0
      538	2025-08-29 07:23:02	14	0	1	0
      490	2025-08-29 07:23:08	14	0	1	0
      512	2025-08-29 07:23:22	14	0	1	0
      484	2025-08-29 07:24:27	14	0	1	0
      556	2025-08-29 07:24:33	14	0	1	0
      536	2025-08-29 07:25:04	14	0	1	0
      554	2025-08-29 07:25:19	14	0	1	0
      517	2025-08-29 07:25:28	14	0	1	0
      494	2025-08-29 07:26:04	14	0	1	0
      537	2025-08-29 07:27:03	14	0	1	0
      492	2025-08-29 07:27:28	14	0	1	0
      563	2025-08-29 07:27:45	14	0	1	0
      528	2025-08-29 07:27:54	14	0	1	0
      552	2025-08-29 07:28:08	14	0	1	0
      508	2025-08-29 07:28:22	14	0	1	0
      498	2025-08-29 07:28:26	14	0	1	0
      499	2025-08-29 07:28:30	14	0	1	0
      491	2025-08-29 07:28:36	14	0	1	0
      496	2025-08-29 07:28:41	14	0	1	0
      477	2025-08-29 07:29:40	14	0	1	0
      514	2025-08-29 07:30:03	14	0	1	0
      531	2025-08-29 07:30:06	14	0	1	0
      545	2025-08-29 07:30:16	14	0	1	0
      511	2025-08-29 07:30:27	14	0	1	0
      503	2025-08-29 07:30:31	14	0	1	0
      474	2025-08-29 07:30:45	14	0	1	0
      481	2025-08-29 07:31:05	14	0	1	0
      543	2025-08-29 07:31:14	14	0	1	0
      497	2025-08-29 07:31:21	14	0	1	0
      516	2025-08-29 07:33:09	14	0	1	0
      560	2025-08-29 07:33:12	14	0	1	0
      548	2025-08-29 07:34:11	14	0	1	0
      562	2025-08-29 07:34:13	14	0	1	0
      482	2025-08-29 07:34:44	14	0	1	0
      564	2025-08-29 07:34:48	14	0	1	0
      504	2025-08-29 07:34:56	14	0	1	0
      470	2025-08-29 07:35:40	14	0	1	0
      546	2025-08-29 07:36:35	14	0	1	0
      479	2025-08-29 07:37:39	14	0	1	0
      522	2025-08-29 07:38:16	14	0	1	0
      519	2025-08-29 07:42:09	14	0	1	0
      557	2025-08-29 07:42:21	14	0	1	0
      493	2025-08-29 07:42:42	14	0	1	0
      483	2025-08-29 07:44:14	14	0	1	0
      467	2025-08-29 08:03:57	14	0	1	0
      476	2025-08-29 08:38:59	14	0	1	0
      533	2025-08-29 12:54:47	14	0	1	0
      587	2025-08-29 12:58:09	14	0	1	0
      588	2025-08-29 12:58:55	14	0	1	0
      533	2025-08-29 12:59:03	14	0	1	0
      533	2025-08-29 12:59:04	14	0	1	0
      533	2025-08-29 12:59:06	14	0	1	0
      533	2025-08-29 12:59:09	14	0	1	0
      533	2025-08-29 12:59:13	14	0	1	0
      533	2025-08-29 12:59:17	14	0	1	0
      533	2025-08-29 12:59:27	14	0	1	0
      533	2025-08-29 12:59:36	14	0	1	0
      574	2025-08-29 13:01:07	14	0	1	0
      598	2025-08-29 13:01:11	14	0	1	0
      598	2025-08-29 13:01:12	14	0	1	0
      607	2025-08-29 13:01:44	14	0	1	0
      582	2025-08-29 13:02:04	14	0	1	0
      581	2025-08-29 13:03:39	14	0	1	0
      571	2025-08-29 13:06:12	14	0	1	0
      611	2025-08-29 13:07:03	14	0	1	0
      606	2025-08-29 13:07:52	14	0	1	0
      781	2025-08-29 13:08:31	14	0	1	0
      579	2025-08-29 13:09:13	14	0	1	0
      612	2025-08-29 13:12:49	14	0	1	0
      608	2025-08-29 13:15:05	14	0	1	0
      613	2025-08-29 13:15:14	14	0	1	0
      604	2025-08-29 13:15:17	14	0	1	0
      573	2025-08-29 13:15:21	14	0	1	0
      565	2025-08-29 13:18:24	14	0	1	0
      565	2025-08-29 13:18:25	14	0	1	0
      594	2025-08-29 13:21:36	14	0	1	0
      609	2025-08-29 13:26:07	14	0	1	0
      570	2025-08-29 13:26:36	14	0	1	0
      592	2025-08-29 13:27:38	14	0	1	0
      591	2025-08-29 13:27:45	14	0	1	0
      597	2025-08-29 13:32:11	14	0	1	0
      601	2025-08-29 13:40:30	14	0	1	0
      586	2025-08-29 13:43:20	14	0	1	0
      585	2025-08-29 14:07:37	14	0	1	0
      583	2025-08-29 14:09:46	14	0	1	0
      593	2025-08-29 14:30:02	14	0	1	0
      490	2025-09-01 07:26:46	14	0	1	0
      554	2025-09-01 07:26:51	14	0	1	0
      556	2025-09-01 07:26:56	14	0	1	0
      556	2025-09-01 07:26:58	14	0	1	0
      513	2025-09-01 07:27:00	14	0	1	0
      561	2025-09-01 07:27:11	14	0	1	0
      553	2025-09-01 07:27:14	14	0	1	0
      542	2025-09-01 07:27:18	14	0	1	0
      522	2025-09-01 07:27:21	14	0	1	0
      545	2025-09-01 07:27:28	14	0	1	0
      550	2025-09-01 07:27:38	14	0	1	0
      549	2025-09-01 07:27:49	14	0	1	0
      548	2025-09-01 07:27:52	14	0	1	0
      544	2025-09-01 07:27:59	14	0	1	0
      547	2025-09-01 07:28:06	14	0	1	0
      492	2025-09-01 07:28:09	14	0	1	0
      481	2025-09-01 07:28:19	14	0	1	0
      541	2025-09-01 07:29:56	14	0	1	0
      546	2025-09-01 07:30:21	14	0	1	0
      543	2025-09-01 07:30:50	14	0	1	0
      563	2025-09-01 07:30:57	14	0	1	0
      512	2025-09-01 07:31:09	14	0	1	0
      507	2025-09-01 07:31:13	14	0	1	0
      483	2025-09-01 07:31:56	14	0	1	0
      504	2025-09-01 07:32:01	14	0	1	0
      560	2025-09-01 07:33:02	14	0	1	0
      497	2025-09-01 07:33:36	14	0	1	0
      506	2025-09-01 07:34:00	14	0	1	0
      498	2025-09-01 07:34:03	14	0	1	0
      494	2025-09-01 07:34:05	14	0	1	0
      500	2025-09-01 07:34:07	14	0	1	0
      477	2025-09-01 07:34:22	14	0	1	0
      552	2025-09-01 07:34:37	14	0	1	0
      479	2025-09-01 07:34:56	14	0	1	0
      491	2025-09-01 07:36:43	14	0	1	0
      516	2025-09-01 07:36:50	14	0	1	0
      496	2025-09-01 07:36:52	14	0	1	0
      474	2025-09-01 07:37:18	14	0	1	0
      521	2025-09-01 07:38:53	14	0	1	0
      514	2025-09-01 07:41:35	14	0	1	0
      503	2025-09-01 07:42:51	14	0	1	0
      467	2025-09-01 07:43:12	14	0	1	0
      473	2025-09-01 08:01:30	14	0	1	0
      571	2025-09-01 12:41:35	14	0	1	0
      604	2025-09-01 12:58:14	14	0	1	0
      587	2025-09-01 13:00:36	14	0	1	0
      587	2025-09-01 13:00:38	14	0	1	0
      568	2025-09-01 13:00:42	14	0	1	0
      607	2025-09-01 13:01:09	14	0	1	0
      612	2025-09-01 13:01:14	14	0	1	0
      781	2025-09-01 13:01:19	14	0	1	0
      570	2025-09-01 13:02:12	14	0	1	0
      579	2025-09-01 13:02:20	14	0	1	0
      588	2025-09-01 13:02:40	14	0	1	0
      581	2025-09-01 13:02:50	14	0	1	0
      569	2025-09-01 13:04:46	14	0	1	0
      598	2025-09-01 13:07:34	14	0	1	0
      591	2025-09-01 13:10:33	14	0	1	0
      592	2025-09-01 13:10:38	14	0	1	0
      594	2025-09-01 13:13:08	14	0	1	0
      597	2025-09-01 13:17:44	14	0	1	0
      565	2025-09-01 13:21:24	14	0	1	0
      593	2025-09-01 13:21:52	14	0	1	0
      583	2025-09-01 13:26:16	14	0	1	0
      582	2025-09-01 13:26:25	14	0	1	0
      605	2025-09-01 13:30:39	14	0	1	0
      609	2025-09-01 13:30:48	14	0	1	0
      580	2025-09-01 13:38:32	14	0	1	0
      599	2025-09-01 14:25:10	14	0	1	0
      540	2025-09-02 07:00:30	14	0	1	0
      559	2025-09-02 07:06:41	14	0	1	0
      523	2025-09-02 07:10:15	14	0	1	0
      513	2025-09-02 07:11:31	14	0	1	0
      500	2025-09-02 07:13:19	14	0	1	0
      531	2025-09-02 07:15:21	14	0	1	0
      527	2025-09-02 07:16:27	14	0	1	0
      553	2025-09-02 07:16:33	14	0	1	0
      558	2025-09-02 07:19:13	14	0	1	0
      530	2025-09-02 07:19:35	14	0	1	0
      561	2025-09-02 07:19:41	14	0	1	0
      529	2025-09-02 07:21:06	14	0	1	0
      542	2025-09-02 07:21:31	14	0	1	0
      555	2025-09-02 07:21:52	14	0	1	0
      547	2025-09-02 07:23:30	14	0	1	0
      536	2025-09-02 07:23:34	14	0	1	0
      473	2025-09-02 07:23:49	14	0	1	0
      496	2025-09-02 07:24:12	14	0	1	0
      549	2025-09-02 07:24:26	14	0	1	0
      518	2025-09-02 07:24:29	14	0	1	0
      484	2025-09-02 07:24:51	14	0	1	0
      484	2025-09-02 07:24:53	14	0	1	0
      554	2025-09-02 07:24:55	14	0	1	0
      506	2025-09-02 07:25:08	14	0	1	0
      490	2025-09-02 07:25:12	14	0	1	0
      509	2025-09-02 07:25:33	14	0	1	0
      493	2025-09-02 07:25:40	14	0	1	0
      495	2025-09-02 07:26:56	14	0	1	0
      498	2025-09-02 07:27:02	14	0	1	0
      499	2025-09-02 07:27:06	14	0	1	0
      508	2025-09-02 07:27:15	14	0	1	0
      474	2025-09-02 07:27:46	14	0	1	0
      548	2025-09-02 07:27:48	14	0	1	0
      516	2025-09-02 07:28:06	14	0	1	0
      492	2025-09-02 07:28:07	14	0	1	0
      492	2025-09-02 07:28:09	14	0	1	0
      534	2025-09-02 07:28:26	14	0	1	0
      471	2025-09-02 07:28:33	14	0	1	0
      521	2025-09-02 07:29:07	14	0	1	0
      522	2025-09-02 07:29:10	14	0	1	0
      497	2025-09-02 07:29:13	14	0	1	0
      560	2025-09-02 07:29:41	14	0	1	0
      550	2025-09-02 07:29:44	14	0	1	0
      562	2025-09-02 07:30:04	14	0	1	0
      556	2025-09-02 07:30:07	14	0	1	0
      533	2025-09-02 07:30:11	14	0	1	0
      482	2025-09-02 07:30:16	14	0	1	0
      494	2025-09-02 07:30:20	14	0	1	0
      546	2025-09-02 07:30:24	14	0	1	0
      543	2025-09-02 07:30:53	14	0	1	0
      512	2025-09-02 07:30:57	14	0	1	0
      517	2025-09-02 07:31:27	14	0	1	0
      467	2025-09-02 07:31:42	14	0	1	0
      537	2025-09-02 07:31:45	14	0	1	0
      486	2025-09-02 07:31:47	14	0	1	0
      552	2025-09-02 07:32:06	14	0	1	0
      491	2025-09-02 07:32:32	14	0	1	0
      526	2025-09-02 07:33:15	14	0	1	0
      503	2025-09-02 07:33:38	14	0	1	0
      557	2025-09-02 07:33:47	14	0	1	0
      481	2025-09-02 07:36:35	14	0	1	0
      545	2025-09-02 07:36:38	14	0	1	0
      563	2025-09-02 07:36:41	14	0	1	0
      514	2025-09-02 07:36:44	14	0	1	0
      507	2025-09-02 07:36:46	14	0	1	0
      479	2025-09-02 07:37:07	14	0	1	0
      504	2025-09-02 07:37:15	14	0	1	0
      525	2025-09-02 07:38:11	14	0	1	0
      519	2025-09-02 07:38:19	14	0	1	0
      544	2025-09-02 07:39:30	14	0	1	0
      587	2025-09-02 12:58:58	14	0	1	0
      569	2025-09-02 12:59:06	14	0	1	0
      607	2025-09-02 12:59:10	14	0	1	0
      579	2025-09-02 12:59:40	14	0	1	0
      571	2025-09-02 12:59:43	14	0	1	0
      597	2025-09-02 13:00:10	14	0	1	0
      570	2025-09-02 13:02:34	14	0	1	0
      588	2025-09-02 13:02:49	14	0	1	0
      598	2025-09-02 13:02:53	14	0	1	0
      568	2025-09-02 13:04:11	14	0	1	0
      604	2025-09-02 13:04:17	14	0	1	0
      611	2025-09-02 13:04:38	14	0	1	0
      608	2025-09-02 13:05:43	14	0	1	0
      574	2025-09-02 13:09:33	14	0	1	0
      573	2025-09-02 13:12:49	14	0	1	0
      612	2025-09-02 13:13:39	14	0	1	0
      592	2025-09-02 13:16:04	14	0	1	0
      591	2025-09-02 13:16:08	14	0	1	0
      576	2025-09-02 13:16:27	14	0	1	0
      578	2025-09-02 13:16:30	14	0	1	0
      606	2025-09-02 13:18:32	14	0	1	0
      614	2025-09-02 13:18:34	14	0	1	0
      594	2025-09-02 13:26:58	14	0	1	0
      582	2025-09-02 13:29:02	14	0	1	0
      605	2025-09-02 13:34:55	14	0	1	0
      603	2025-09-02 13:46:04	14	0	1	0
      583	2025-09-02 13:46:32	14	0	1	0
      595	2025-09-02 14:00:18	14	0	1	0
      595	2025-09-02 14:00:20	14	0	1	0
      599	2025-09-02 14:27:32	14	0	1	0
      532	2025-09-03 07:05:31	14	0	1	0
      539	2025-09-03 07:05:42	14	0	1	0
      540	2025-09-03 07:05:44	14	0	1	0
      482	2025-09-03 07:08:45	14	0	1	0
      508	2025-09-03 07:08:49	14	0	1	0
      544	2025-09-03 07:10:18	14	0	1	0
      541	2025-09-03 07:10:42	14	0	1	0
      536	2025-09-03 07:11:30	14	0	1	0
      550	2025-09-03 07:12:21	14	0	1	0
      559	2025-09-03 07:14:17	14	0	1	0
      559	2025-09-03 07:14:18	14	0	1	0
      477	2025-09-03 07:14:45	14	0	1	0
      529	2025-09-03 07:15:35	14	0	1	0
      547	2025-09-03 07:15:39	14	0	1	0
      530	2025-09-03 07:16:15	14	0	1	0
      531	2025-09-03 07:16:58	14	0	1	0
      490	2025-09-03 07:17:44	14	0	1	0
      553	2025-09-03 07:18:22	14	0	1	0
      558	2025-09-03 07:19:53	14	0	1	0
      500	2025-09-03 07:19:59	14	0	1	0
      542	2025-09-03 07:21:10	14	0	1	0
      561	2025-09-03 07:21:13	14	0	1	0
      521	2025-09-03 07:22:01	14	0	1	0
      533	2025-09-03 07:22:03	14	0	1	0
      506	2025-09-03 07:22:22	14	0	1	0
      555	2025-09-03 07:22:29	14	0	1	0
      476	2025-09-03 07:22:34	14	0	1	0
      527	2025-09-03 07:22:46	14	0	1	0
      564	2025-09-03 07:23:30	14	0	1	0
      492	2025-09-03 07:24:06	14	0	1	0
      554	2025-09-03 07:24:38	14	0	1	0
      549	2025-09-03 07:24:45	14	0	1	0
      484	2025-09-03 07:24:49	14	0	1	0
      548	2025-09-03 07:24:53	14	0	1	0
      534	2025-09-03 07:25:31	14	0	1	0
      498	2025-09-03 07:25:34	14	0	1	0
      556	2025-09-03 07:25:38	14	0	1	0
      513	2025-09-03 07:26:32	14	0	1	0
      509	2025-09-03 07:27:12	14	0	1	0
      472	2025-09-03 07:27:17	14	0	1	0
      493	2025-09-03 07:27:20	14	0	1	0
      496	2025-09-03 07:27:24	14	0	1	0
      481	2025-09-03 07:27:33	14	0	1	0
      518	2025-09-03 07:27:47	14	0	1	0
      546	2025-09-03 07:27:58	14	0	1	0
      471	2025-09-03 07:28:13	14	0	1	0
      563	2025-09-03 07:28:20	14	0	1	0
      470	2025-09-03 07:28:29	14	0	1	0
      467	2025-09-03 07:28:40	14	0	1	0
      486	2025-09-03 07:28:45	14	0	1	0
      495	2025-09-03 07:29:06	14	0	1	0
      537	2025-09-03 07:29:16	14	0	1	0
      552	2025-09-03 07:29:42	14	0	1	0
      491	2025-09-03 07:29:47	14	0	1	0
      494	2025-09-03 07:31:18	14	0	1	0
      557	2025-09-03 07:31:31	14	0	1	0
      497	2025-09-03 07:31:53	14	0	1	0
      560	2025-09-03 07:33:33	14	0	1	0
      526	2025-09-03 07:33:41	14	0	1	0
      522	2025-09-03 07:35:02	14	0	1	0
      519	2025-09-03 07:36:05	14	0	1	0
      519	2025-09-03 07:36:06	14	0	1	0
      473	2025-09-03 07:36:35	14	0	1	0
      474	2025-09-03 07:36:50	14	0	1	0
      504	2025-09-03 07:37:23	14	0	1	0
      543	2025-09-03 07:38:27	14	0	1	0
      525	2025-09-03 07:39:37	14	0	1	0
      479	2025-09-03 07:40:11	14	0	1	0
      507	2025-09-03 07:40:56	14	0	1	0
      483	2025-09-03 07:58:37	14	0	1	0
      606	2025-09-03 12:40:16	14	0	1	0
      571	2025-09-03 12:59:28	14	0	1	0
      588	2025-09-03 12:59:30	14	0	1	0
      581	2025-09-03 13:00:46	14	0	1	0
      609	2025-09-03 13:00:49	14	0	1	0
      612	2025-09-03 13:01:35	14	0	1	0
      607	2025-09-03 13:01:39	14	0	1	0
      585	2025-09-03 13:02:45	14	0	1	0
      781	2025-09-03 13:03:06	14	0	1	0
      781	2025-09-03 13:03:07	14	0	1	0
      570	2025-09-03 13:03:39	14	0	1	0
      587	2025-09-03 13:04:07	14	0	1	0
      574	2025-09-03 13:04:11	14	0	1	0
      608	2025-09-03 13:04:14	14	0	1	0
      611	2025-09-03 13:04:31	14	0	1	0
      593	2025-09-03 13:05:07	14	0	1	0
      579	2025-09-03 13:06:46	14	0	1	0
      592	2025-09-03 13:10:44	14	0	1	0
      610	2025-09-03 13:10:50	14	0	1	0
      591	2025-09-03 13:12:01	14	0	1	0
      597	2025-09-03 13:14:27	14	0	1	0
      573	2025-09-03 13:14:33	14	0	1	0
      576	2025-09-03 13:16:02	14	0	1	0
      578	2025-09-03 13:16:05	14	0	1	0
      594	2025-09-03 13:16:51	14	0	1	0
      594	2025-09-03 13:16:52	14	0	1	0
      595	2025-09-03 13:19:16	14	0	1	0
      582	2025-09-03 13:23:55	14	0	1	0
      583	2025-09-03 13:27:41	14	0	1	0
      583	2025-09-03 13:27:42	14	0	1	0
      565	2025-09-03 13:30:08	14	0	1	0
      613	2025-09-03 13:33:24	14	0	1	0
      568	2025-09-03 13:33:31	14	0	1	0
      614	2025-09-03 13:33:52	14	0	1	0
      605	2025-09-03 13:42:36	14	0	1	0
      599	2025-09-03 14:18:37	14	0	1	0
      532	2025-09-04 06:53:54	14	0	1	0
      544	2025-09-04 07:04:50	14	0	1	0
      536	2025-09-04 07:05:20	14	0	1	0
      531	2025-09-04 07:09:26	14	0	1	0
      527	2025-09-04 07:10:00	14	0	1	0
      555	2025-09-04 07:10:26	14	0	1	0
      539	2025-09-04 07:11:40	14	0	1	0
      540	2025-09-04 07:11:42	14	0	1	0
      563	2025-09-04 07:11:47	14	0	1	0
      508	2025-09-04 07:12:20	14	0	1	0
      553	2025-09-04 07:13:01	14	0	1	0
      550	2025-09-04 07:13:24	14	0	1	0
      558	2025-09-04 07:13:30	14	0	1	0
      523	2025-09-04 07:14:40	14	0	1	0
      500	2025-09-04 07:15:29	14	0	1	0
      545	2025-09-04 07:15:33	14	0	1	0
      512	2025-09-04 07:15:38	14	0	1	0
      530	2025-09-04 07:16:17	14	0	1	0
      559	2025-09-04 07:17:19	14	0	1	0
      561	2025-09-04 07:17:55	14	0	1	0
      549	2025-09-04 07:18:37	14	0	1	0
      547	2025-09-04 07:18:54	14	0	1	0
      547	2025-09-04 07:18:56	14	0	1	0
      467	2025-09-04 07:19:12	14	0	1	0
      516	2025-09-04 07:19:26	14	0	1	0
      494	2025-09-04 07:19:30	14	0	1	0
      537	2025-09-04 07:21:26	14	0	1	0
      528	2025-09-04 07:22:06	14	0	1	0
      541	2025-09-04 07:22:12	14	0	1	0
      476	2025-09-04 07:22:38	14	0	1	0
      518	2025-09-04 07:23:13	14	0	1	0
      490	2025-09-04 07:24:20	14	0	1	0
      470	2025-09-04 07:24:24	14	0	1	0
      556	2025-09-04 07:24:31	14	0	1	0
      554	2025-09-04 07:24:49	14	0	1	0
      506	2025-09-04 07:25:15	14	0	1	0
      492	2025-09-04 07:25:57	14	0	1	0
      481	2025-09-04 07:27:17	14	0	1	0
      491	2025-09-04 07:27:20	14	0	1	0
      560	2025-09-04 07:28:03	14	0	1	0
      497	2025-09-04 07:28:14	14	0	1	0
      511	2025-09-04 07:28:19	14	0	1	0
      533	2025-09-04 07:28:22	14	0	1	0
      471	2025-09-04 07:28:30	14	0	1	0
      526	2025-09-04 07:28:43	14	0	1	0
      564	2025-09-04 07:28:46	14	0	1	0
      552	2025-09-04 07:29:46	14	0	1	0
      498	2025-09-04 07:30:59	14	0	1	0
      519	2025-09-04 07:31:34	14	0	1	0
      562	2025-09-04 07:32:09	14	0	1	0
      522	2025-09-04 07:32:13	14	0	1	0
      521	2025-09-04 07:33:11	14	0	1	0
      548	2025-09-04 07:33:28	14	0	1	0
      529	2025-09-04 07:33:33	14	0	1	0
      557	2025-09-04 07:33:42	14	0	1	0
      507	2025-09-04 07:33:45	14	0	1	0
      504	2025-09-04 07:34:35	14	0	1	0
      477	2025-09-04 07:34:41	14	0	1	0
      513	2025-09-04 07:35:41	14	0	1	0
      525	2025-09-04 07:36:32	14	0	1	0
      546	2025-09-04 07:36:38	14	0	1	0
      509	2025-09-04 07:39:48	14	0	1	0
      499	2025-09-04 07:39:50	14	0	1	0
      479	2025-09-04 07:40:07	14	0	1	0
      543	2025-09-04 07:41:50	14	0	1	0
      474	2025-09-04 07:57:31	14	0	1	0
      469	2025-09-04 08:03:30	14	0	1	0
      609	2025-09-04 12:41:10	14	0	1	0
      607	2025-09-04 12:58:19	14	0	1	0
      604	2025-09-04 12:58:58	14	0	1	0
      606	2025-09-04 12:59:17	14	0	1	0
      589	2025-09-04 12:59:25	14	0	1	0
      588	2025-09-04 12:59:29	14	0	1	0
      570	2025-09-04 13:00:59	14	0	1	0
      612	2025-09-04 13:01:08	14	0	1	0
      574	2025-09-04 13:01:17	14	0	1	0
      781	2025-09-04 13:01:26	14	0	1	0
      580	2025-09-04 13:02:02	14	0	1	0
      565	2025-09-04 13:03:41	14	0	1	0
      608	2025-09-04 13:03:45	14	0	1	0
      598	2025-09-04 13:03:47	14	0	1	0
      611	2025-09-04 13:04:19	14	0	1	0
      581	2025-09-04 13:06:56	14	0	1	0
      586	2025-09-04 13:07:06	14	0	1	0
      579	2025-09-04 13:08:10	14	0	1	0
      583	2025-09-04 13:08:41	14	0	1	0
      573	2025-09-04 13:09:07	14	0	1	0
      614	2025-09-04 13:11:35	14	0	1	0
      597	2025-09-04 13:14:33	14	0	1	0
      582	2025-09-04 13:14:39	14	0	1	0
      595	2025-09-04 13:15:00	14	0	1	0
      576	2025-09-04 13:15:35	14	0	1	0
      591	2025-09-04 13:19:33	14	0	1	0
      592	2025-09-04 13:19:42	14	0	1	0
      571	2025-09-04 13:20:05	14	0	1	0
      568	2025-09-04 13:20:08	14	0	1	0
      578	2025-09-04 13:20:52	14	0	1	0
      605	2025-09-04 13:23:37	14	0	1	0
      594	2025-09-04 13:26:24	14	0	1	0
      594	2025-09-04 13:26:25	14	0	1	0
      593	2025-09-04 13:46:18	14	0	1	0
      599	2025-09-04 14:00:32	14	0	1	0
      603	2025-09-04 14:10:49	14	0	1	0
      541	2025-09-05 07:00:31	14	0	1	0
      544	2025-09-05 07:07:52	14	0	1	0
      536	2025-09-05 07:09:02	14	0	1	0
      561	2025-09-05 07:09:41	14	0	1	0
      533	2025-09-05 07:10:00	14	0	1	0
      523	2025-09-05 07:10:50	14	0	1	0
      539	2025-09-05 07:12:59	14	0	1	0
      540	2025-09-05 07:13:01	14	0	1	0
      563	2025-09-05 07:15:09	14	0	1	0
      506	2025-09-05 07:16:40	14	0	1	0
      550	2025-09-05 07:16:52	14	0	1	0
      467	2025-09-05 07:17:00	14	0	1	0
      518	2025-09-05 07:17:25	14	0	1	0
      518	2025-09-05 07:17:26	14	0	1	0
      528	2025-09-05 07:19:06	14	0	1	0
      542	2025-09-05 07:19:09	14	0	1	0
      530	2025-09-05 07:19:17	14	0	1	0
      555	2025-09-05 07:19:26	14	0	1	0
      508	2025-09-05 07:20:04	14	0	1	0
      558	2025-09-05 07:20:06	14	0	1	0
      513	2025-09-05 07:21:01	14	0	1	0
      547	2025-09-05 07:21:39	14	0	1	0
      549	2025-09-05 07:22:14	14	0	1	0
      490	2025-09-05 07:22:17	14	0	1	0
      553	2025-09-05 07:22:19	14	0	1	0
      560	2025-09-05 07:23:21	14	0	1	0
      529	2025-09-05 07:23:26	14	0	1	0
      559	2025-09-05 07:23:34	14	0	1	0
      484	2025-09-05 07:25:32	14	0	1	0
      494	2025-09-05 07:25:37	14	0	1	0
      486	2025-09-05 07:26:23	14	0	1	0
      531	2025-09-05 07:26:27	14	0	1	0
      521	2025-09-05 07:26:55	14	0	1	0
      500	2025-09-05 07:27:27	14	0	1	0
      516	2025-09-05 07:27:30	14	0	1	0
      498	2025-09-05 07:27:32	14	0	1	0
      512	2025-09-05 07:27:34	14	0	1	0
      476	2025-09-05 07:27:40	14	0	1	0
      482	2025-09-05 07:27:42	14	0	1	0
      469	2025-09-05 07:27:45	14	0	1	0
      509	2025-09-05 07:27:48	14	0	1	0
      554	2025-09-05 07:27:55	14	0	1	0
      545	2025-09-05 07:27:58	14	0	1	0
      556	2025-09-05 07:28:04	14	0	1	0
      479	2025-09-05 07:28:08	14	0	1	0
      471	2025-09-05 07:28:49	14	0	1	0
      519	2025-09-05 07:28:59	14	0	1	0
      514	2025-09-05 07:29:22	14	0	1	0
      537	2025-09-05 07:30:33	14	0	1	0
      497	2025-09-05 07:30:40	14	0	1	0
      532	2025-09-05 07:30:44	14	0	1	0
      492	2025-09-05 07:31:31	14	0	1	0
      492	2025-09-05 07:31:32	14	0	1	0
      522	2025-09-05 07:32:38	14	0	1	0
      534	2025-09-05 07:33:25	14	0	1	0
      499	2025-09-05 07:33:56	14	0	1	0
      552	2025-09-05 07:34:09	14	0	1	0
      493	2025-09-05 07:34:25	14	0	1	0
      493	2025-09-05 07:34:28	14	0	1	0
      507	2025-09-05 07:36:09	14	0	1	0
      546	2025-09-05 07:36:18	14	0	1	0
      562	2025-09-05 07:36:24	14	0	1	0
      557	2025-09-05 07:36:41	14	0	1	0
      491	2025-09-05 07:37:01	14	0	1	0
      527	2025-09-05 07:37:29	14	0	1	0
      504	2025-09-05 07:38:32	14	0	1	0
      504	2025-09-05 07:38:33	14	0	1	0
      543	2025-09-05 07:39:40	14	0	1	0
      474	2025-09-05 07:40:40	14	0	1	0
      496	2025-09-05 07:42:10	14	0	1	0
      477	2025-09-05 08:02:24	14	0	1	0
      525	2025-09-05 08:07:29	14	0	1	0
      609	2025-09-05 12:53:15	14	0	1	0
      613	2025-09-05 12:53:53	14	0	1	0
      589	2025-09-05 12:57:51	14	0	1	0
      587	2025-09-05 12:59:09	14	0	1	0
      581	2025-09-05 13:00:39	14	0	1	0
      612	2025-09-05 13:01:22	14	0	1	0
      607	2025-09-05 13:01:29	14	0	1	0
      586	2025-09-05 13:01:58	14	0	1	0
      588	2025-09-05 13:02:18	14	0	1	0
      608	2025-09-05 13:02:21	14	0	1	0
      604	2025-09-05 13:03:07	14	0	1	0
      781	2025-09-05 13:03:56	14	0	1	0
      781	2025-09-05 13:03:57	14	0	1	0
      611	2025-09-05 13:04:02	14	0	1	0
      573	2025-09-05 13:05:09	14	0	1	0
      570	2025-09-05 13:06:11	14	0	1	0
      592	2025-09-05 13:06:54	14	0	1	0
      591	2025-09-05 13:06:58	14	0	1	0
      579	2025-09-05 13:08:37	14	0	1	0
      576	2025-09-05 13:11:04	14	0	1	0
      606	2025-09-05 13:11:33	14	0	1	0
      597	2025-09-05 13:11:48	14	0	1	0
      614	2025-09-05 13:12:58	14	0	1	0
      571	2025-09-05 13:22:33	14	0	1	0
      568	2025-09-05 13:22:38	14	0	1	0
      583	2025-09-05 13:30:37	14	0	1	0
      605	2025-09-05 13:36:27	14	0	1	0
      594	2025-09-05 13:37:07	14	0	1	0
      594	2025-09-05 13:37:08	14	0	1	0
      580	2025-09-05 13:46:06	14	0	1	0
      599	2025-09-05 14:00:58	14	0	1	0
      599	2025-09-05 14:00:59	14	0	1	0
      585	2025-09-05 14:37:20	14	0	1	0
      532	2025-09-08 07:03:01	14	0	1	0
      531	2025-09-08 07:09:21	14	0	1	0
      500	2025-09-08 07:09:32	14	0	1	0
      539	2025-09-08 07:10:05	14	0	1	0
      540	2025-09-08 07:10:08	14	0	1	0
      541	2025-09-08 07:12:41	14	0	1	0
      555	2025-09-08 07:12:54	14	0	1	0
      536	2025-09-08 07:13:37	14	0	1	0
      490	2025-09-08 07:15:27	14	0	1	0
      545	2025-09-08 07:15:52	14	0	1	0
      549	2025-09-08 07:15:54	14	0	1	0
      486	2025-09-08 07:15:58	14	0	1	0
      530	2025-09-08 07:16:21	14	0	1	0
      558	2025-09-08 07:16:45	14	0	1	0
      513	2025-09-08 07:16:47	14	0	1	0
      484	2025-09-08 07:19:20	14	0	1	0
      550	2025-09-08 07:19:31	14	0	1	0
      472	2025-09-08 07:19:45	14	0	1	0
      559	2025-09-08 07:20:31	14	0	1	0
      471	2025-09-08 07:20:51	14	0	1	0
      542	2025-09-08 07:20:54	14	0	1	0
      561	2025-09-08 07:21:03	14	0	1	0
      476	2025-09-08 07:22:59	14	0	1	0
      470	2025-09-08 07:23:07	14	0	1	0
      470	2025-09-08 07:23:08	14	0	1	0
      519	2025-09-08 07:24:11	14	0	1	0
      519	2025-09-08 07:24:13	14	0	1	0
      556	2025-09-08 07:24:34	14	0	1	0
      547	2025-09-08 07:25:03	14	0	1	0
      474	2025-09-08 07:25:08	14	0	1	0
      506	2025-09-08 07:25:23	14	0	1	0
      533	2025-09-08 07:25:43	14	0	1	0
      544	2025-09-08 07:25:54	14	0	1	0
      554	2025-09-08 07:25:58	14	0	1	0
      534	2025-09-08 07:27:10	14	0	1	0
      467	2025-09-08 07:27:36	14	0	1	0
      529	2025-09-08 07:27:50	14	0	1	0
      482	2025-09-08 07:27:58	14	0	1	0
      481	2025-09-08 07:28:03	14	0	1	0
      498	2025-09-08 07:28:06	14	0	1	0
      553	2025-09-08 07:28:09	14	0	1	0
      496	2025-09-08 07:28:15	14	0	1	0
      564	2025-09-08 07:28:42	14	0	1	0
      560	2025-09-08 07:29:17	14	0	1	0
      514	2025-09-08 07:29:58	14	0	1	0
      516	2025-09-08 07:30:18	14	0	1	0
      557	2025-09-08 07:31:11	14	0	1	0
      525	2025-09-08 07:31:14	14	0	1	0
      548	2025-09-08 07:31:34	14	0	1	0
      497	2025-09-08 07:31:44	14	0	1	0
      509	2025-09-08 07:31:49	14	0	1	0
      492	2025-09-08 07:31:52	14	0	1	0
      523	2025-09-08 07:32:22	14	0	1	0
      526	2025-09-08 07:32:25	14	0	1	0
      552	2025-09-08 07:32:29	14	0	1	0
      543	2025-09-08 07:32:58	14	0	1	0
      543	2025-09-08 07:32:59	14	0	1	0
      563	2025-09-08 07:33:16	14	0	1	0
      494	2025-09-08 07:34:04	14	0	1	0
      479	2025-09-08 07:34:52	14	0	1	0
      537	2025-09-08 07:36:33	14	0	1	0
      521	2025-09-08 07:36:35	14	0	1	0
      507	2025-09-08 07:37:04	14	0	1	0
      504	2025-09-08 07:38:32	14	0	1	0
      512	2025-09-08 07:39:32	14	0	1	0
      469	2025-09-08 07:39:38	14	0	1	0
      527	2025-09-08 07:39:43	14	0	1	0
      517	2025-09-08 07:40:13	14	0	1	0
      522	2025-09-08 07:40:41	14	0	1	0
      473	2025-09-08 07:43:04	14	0	1	0
      508	2025-09-08 07:46:34	14	0	1	0
      477	2025-09-08 08:00:08	14	0	1	0
      483	2025-09-08 08:03:32	14	0	1	0
      571	2025-09-08 12:51:27	14	0	1	0
      604	2025-09-08 12:51:33	14	0	1	0
      579	2025-09-08 12:51:38	14	0	1	0
      781	2025-09-08 12:52:02	14	0	1	0
      568	2025-09-08 12:54:34	14	0	1	0
      606	2025-09-08 12:57:29	14	0	1	0
      587	2025-09-08 12:58:38	14	0	1	0
      607	2025-09-08 13:04:05	14	0	1	0
      588	2025-09-08 13:05:09	14	0	1	0
      598	2025-09-08 13:06:13	14	0	1	0
      598	2025-09-08 13:06:14	14	0	1	0
      608	2025-09-08 13:06:47	14	0	1	0
      611	2025-09-08 13:07:08	14	0	1	0
      581	2025-09-08 13:07:18	14	0	1	0
      576	2025-09-08 13:13:26	14	0	1	0
      574	2025-09-08 13:13:30	14	0	1	0
      570	2025-09-08 13:14:14	14	0	1	0
      612	2025-09-08 13:16:03	14	0	1	0
      586	2025-09-08 13:16:30	14	0	1	0
      592	2025-09-08 13:17:37	14	0	1	0
      591	2025-09-08 13:17:42	14	0	1	0
      565	2025-09-08 13:18:40	14	0	1	0
      565	2025-09-08 13:18:41	14	0	1	0
      614	2025-09-08 13:19:01	14	0	1	0
      582	2025-09-08 13:19:27	14	0	1	0
      609	2025-09-08 13:21:34	14	0	1	0
      597	2025-09-08 13:23:33	14	0	1	0
      585	2025-09-08 13:24:11	14	0	1	0
      605	2025-09-08 13:25:56	14	0	1	0
      594	2025-09-08 13:29:01	14	0	1	0
      594	2025-09-08 13:29:02	14	0	1	0
      613	2025-09-08 13:31:03	14	0	1	0
      601	2025-09-08 13:37:31	14	0	1	0
      580	2025-09-08 13:40:29	14	0	1	0
      583	2025-09-08 13:48:45	14	0	1	0
      593	2025-09-08 13:55:02	14	0	1	0
      593	2025-09-08 13:55:03	14	0	1	0
      595	2025-09-08 13:57:29	14	0	1	0
      595	2025-09-08 13:57:30	14	0	1	0
      529	2025-09-09 07:03:26	14	0	1	0
      508	2025-09-09 07:03:31	14	0	1	0
      531	2025-09-09 07:05:32	14	0	1	0
      532	2025-09-09 07:09:00	14	0	1	0
      539	2025-09-09 07:10:29	14	0	1	0
      540	2025-09-09 07:10:32	14	0	1	0
      541	2025-09-09 07:12:59	14	0	1	0
      530	2025-09-09 07:13:22	14	0	1	0
      533	2025-09-09 07:13:25	14	0	1	0
      523	2025-09-09 07:13:26	14	0	1	0
      549	2025-09-09 07:15:40	14	0	1	0
      561	2025-09-09 07:18:15	14	0	1	0
      492	2025-09-09 07:18:36	14	0	1	0
      490	2025-09-09 07:20:02	14	0	1	0
      564	2025-09-09 07:20:05	14	0	1	0
      558	2025-09-09 07:20:10	14	0	1	0
      542	2025-09-09 07:20:17	14	0	1	0
      545	2025-09-09 07:21:09	14	0	1	0
      522	2025-09-09 07:22:49	14	0	1	0
      513	2025-09-09 07:24:06	14	0	1	0
      473	2025-09-09 07:24:23	14	0	1	0
      481	2025-09-09 07:24:41	14	0	1	0
      556	2025-09-09 07:24:45	14	0	1	0
      482	2025-09-09 07:24:52	14	0	1	0
      527	2025-09-09 07:24:59	14	0	1	0
      528	2025-09-09 07:25:15	14	0	1	0
      560	2025-09-09 07:26:14	14	0	1	0
      486	2025-09-09 07:26:39	14	0	1	0
      498	2025-09-09 07:26:54	14	0	1	0
      484	2025-09-09 07:26:59	14	0	1	0
      467	2025-09-09 07:27:11	14	0	1	0
      553	2025-09-09 07:27:31	14	0	1	0
      537	2025-09-09 07:27:38	14	0	1	0
      500	2025-09-09 07:27:44	14	0	1	0
      516	2025-09-09 07:27:52	14	0	1	0
      506	2025-09-09 07:28:02	14	0	1	0
      471	2025-09-09 07:28:11	14	0	1	0
      554	2025-09-09 07:29:11	14	0	1	0
      514	2025-09-09 07:29:17	14	0	1	0
      547	2025-09-09 07:29:28	14	0	1	0
      491	2025-09-09 07:29:54	14	0	1	0
      476	2025-09-09 07:29:57	14	0	1	0
      563	2025-09-09 07:30:21	14	0	1	0
      548	2025-09-09 07:30:33	14	0	1	0
      512	2025-09-09 07:30:49	14	0	1	0
      497	2025-09-09 07:31:31	14	0	1	0
      511	2025-09-09 07:31:35	14	0	1	0
      493	2025-09-09 07:31:39	14	0	1	0
      479	2025-09-09 07:31:42	14	0	1	0
      494	2025-09-09 07:32:20	14	0	1	0
      526	2025-09-09 07:33:27	14	0	1	0
      503	2025-09-09 07:33:33	14	0	1	0
      534	2025-09-09 07:34:00	14	0	1	0
      507	2025-09-09 07:34:06	14	0	1	0
      552	2025-09-09 07:34:31	14	0	1	0
      504	2025-09-09 07:34:39	14	0	1	0
      504	2025-09-09 07:35:05	14	0	1	0
      543	2025-09-09 07:36:16	14	0	1	0
      557	2025-09-09 07:36:48	14	0	1	0
      474	2025-09-09 07:37:32	14	0	1	0
      469	2025-09-09 07:39:52	14	0	1	0
      521	2025-09-09 07:41:14	14	0	1	0
      562	2025-09-09 07:44:31	14	0	1	0
      525	2025-09-09 07:49:26	14	0	1	0
      587	2025-09-09 12:57:59	14	0	1	0
      581	2025-09-09 12:59:22	14	0	1	0
      589	2025-09-09 13:00:23	14	0	1	0
      604	2025-09-09 13:00:29	14	0	1	0
      781	2025-09-09 13:00:44	14	0	1	0
      608	2025-09-09 13:01:20	14	0	1	0
      607	2025-09-09 13:01:25	14	0	1	0
      614	2025-09-09 13:03:23	14	0	1	0
      586	2025-09-09 13:03:46	14	0	1	0
      588	2025-09-09 13:04:04	14	0	1	0
      606	2025-09-09 13:04:15	14	0	1	0
      606	2025-09-09 13:04:16	14	0	1	0
      598	2025-09-09 13:04:45	14	0	1	0
      598	2025-09-09 13:04:46	14	0	1	0
      592	2025-09-09 13:05:00	14	0	1	0
      592	2025-09-09 13:05:12	14	0	1	0
      591	2025-09-09 13:05:16	14	0	1	0
      571	2025-09-09 13:07:33	14	0	1	0
      579	2025-09-09 13:07:38	14	0	1	0
      570	2025-09-09 13:09:53	14	0	1	0
      609	2025-09-09 13:16:06	14	0	1	0
      605	2025-09-09 13:16:40	14	0	1	0
      601	2025-09-09 13:16:57	14	0	1	0
      582	2025-09-09 13:19:10	14	0	1	0
      613	2025-09-09 13:21:02	14	0	1	0
      594	2025-09-09 13:21:21	14	0	1	0
      594	2025-09-09 13:21:22	14	0	1	0
      568	2025-09-09 13:28:48	14	0	1	0
      612	2025-09-09 13:33:56	14	0	1	0
      580	2025-09-09 13:37:19	14	0	1	0
      565	2025-09-09 13:43:21	14	0	1	0
      595	2025-09-09 13:43:29	14	0	1	0
      603	2025-09-09 13:47:05	14	0	1	0
      583	2025-09-09 14:07:29	14	0	1	0
      599	2025-09-09 14:08:52	14	0	1	0
      585	2025-09-09 15:16:32	14	0	1	0
      541	2025-09-10 07:06:43	14	0	1	0
      503	2025-09-10 07:06:53	14	0	1	0
      529	2025-09-10 07:08:40	14	0	1	0
      539	2025-09-10 07:09:48	14	0	1	0
      540	2025-09-10 07:09:51	14	0	1	0
      477	2025-09-10 07:12:18	14	0	1	0
      534	2025-09-10 07:12:39	14	0	1	0
      549	2025-09-10 07:12:46	14	0	1	0
      536	2025-09-10 07:12:50	14	0	1	0
      530	2025-09-10 07:13:44	14	0	1	0
      544	2025-09-10 07:15:15	14	0	1	0
      517	2025-09-10 07:16:02	14	0	1	0
      533	2025-09-10 07:17:42	14	0	1	0
      490	2025-09-10 07:18:55	14	0	1	0
      527	2025-09-10 07:19:19	14	0	1	0
      492	2025-09-10 07:19:25	14	0	1	0
      506	2025-09-10 07:20:16	14	0	1	0
      555	2025-09-10 07:21:45	14	0	1	0
      500	2025-09-10 07:22:20	14	0	1	0
      531	2025-09-10 07:22:33	14	0	1	0
      558	2025-09-10 07:22:41	14	0	1	0
      553	2025-09-10 07:22:47	14	0	1	0
      476	2025-09-10 07:22:50	14	0	1	0
      561	2025-09-10 07:23:03	14	0	1	0
      513	2025-09-10 07:23:33	14	0	1	0
      542	2025-09-10 07:23:39	14	0	1	0
      498	2025-09-10 07:25:50	14	0	1	0
      499	2025-09-10 07:25:53	14	0	1	0
      467	2025-09-10 07:25:59	14	0	1	0
      486	2025-09-10 07:26:56	14	0	1	0
      554	2025-09-10 07:27:22	14	0	1	0
      545	2025-09-10 07:27:32	14	0	1	0
      550	2025-09-10 07:27:56	14	0	1	0
      471	2025-09-10 07:28:25	14	0	1	0
      519	2025-09-10 07:29:48	14	0	1	0
      537	2025-09-10 07:30:26	14	0	1	0
      469	2025-09-10 07:30:31	14	0	1	0
      497	2025-09-10 07:31:20	14	0	1	0
      552	2025-09-10 07:31:34	14	0	1	0
      493	2025-09-10 07:33:03	14	0	1	0
      509	2025-09-10 07:33:06	14	0	1	0
      496	2025-09-10 07:33:18	14	0	1	0
      491	2025-09-10 07:33:26	14	0	1	0
      548	2025-09-10 07:33:33	14	0	1	0
      526	2025-09-10 07:33:44	14	0	1	0
      494	2025-09-10 07:34:01	14	0	1	0
      521	2025-09-10 07:34:22	14	0	1	0
      504	2025-09-10 07:34:41	14	0	1	0
      562	2025-09-10 07:35:39	14	0	1	0
      516	2025-09-10 07:36:25	14	0	1	0
      557	2025-09-10 07:36:40	14	0	1	0
      483	2025-09-10 07:36:53	14	0	1	0
      525	2025-09-10 07:37:14	14	0	1	0
      518	2025-09-10 07:37:50	14	0	1	0
      543	2025-09-10 07:38:27	14	0	1	0
      563	2025-09-10 07:38:31	14	0	1	0
      564	2025-09-10 07:39:20	14	0	1	0
      523	2025-09-10 07:40:08	14	0	1	0
      512	2025-09-10 07:40:11	14	0	1	0
      474	2025-09-10 07:40:33	14	0	1	0
      547	2025-09-10 07:42:01	14	0	1	0
      479	2025-09-10 07:42:40	14	0	1	0
      511	2025-09-10 07:43:09	14	0	1	0
      571	2025-09-10 12:36:22	14	0	1	0
      609	2025-09-10 12:54:51	14	0	1	0
      604	2025-09-10 12:58:43	14	0	1	0
      587	2025-09-10 12:58:48	14	0	1	0
      587	2025-09-10 12:58:50	14	0	1	0
      570	2025-09-10 13:01:08	14	0	1	0
      607	2025-09-10 13:01:16	14	0	1	0
      611	2025-09-10 13:01:19	14	0	1	0
      606	2025-09-10 13:02:17	14	0	1	0
      606	2025-09-10 13:02:18	14	0	1	0
      588	2025-09-10 13:02:55	14	0	1	0
      568	2025-09-10 13:03:03	14	0	1	0
      579	2025-09-10 13:03:12	14	0	1	0
      581	2025-09-10 13:04:03	14	0	1	0
      781	2025-09-10 13:07:04	14	0	1	0
      576	2025-09-10 13:08:09	14	0	1	0
      576	2025-09-10 13:08:10	14	0	1	0
      597	2025-09-10 13:11:08	14	0	1	0
      583	2025-09-10 13:14:18	14	0	1	0
      574	2025-09-10 13:15:26	14	0	1	0
      573	2025-09-10 13:17:47	14	0	1	0
      612	2025-09-10 13:19:20	14	0	1	0
      592	2025-09-10 13:22:33	14	0	1	0
      591	2025-09-10 13:22:36	14	0	1	0
      585	2025-09-10 13:22:42	14	0	1	0
      585	2025-09-10 13:22:43	14	0	1	0
      601	2025-09-10 13:22:46	14	0	1	0
      614	2025-09-10 13:23:25	14	0	1	0
      565	2025-09-10 13:24:37	14	0	1	0
      594	2025-09-10 13:26:24	14	0	1	0
      594	2025-09-10 13:26:26	14	0	1	0
      578	2025-09-10 13:29:05	14	0	1	0
      595	2025-09-10 13:30:14	14	0	1	0
      608	2025-09-10 13:40:01	14	0	1	0
      603	2025-09-10 13:54:58	14	0	1	0
      605	2025-09-10 13:55:00	14	0	1	0
      599	2025-09-10 14:05:05	14	0	1	0
